20001
20003
20005
20007
20009
20011
20013
20015
20017
20019
20021
20023
20025
20027
20029
20031
20033
20035
20037
20039
20041
20043
20045
20047
20049
20051
20053
20055
20057
20059
20061
20063
20065
20067
20069
20071
20073
20075
20077
20079
20081
20083
20085
20087
20089
20091
20093
20095
20097
20099
20101
20103
20105
20107
20109
20111
20113
20115
20117
20119
20121
20123
20125
20127
20129
20131
20133
20135
20137
20139
20141
20143
20145
20147
20149
20151
20153
20155
20157
20159
20161
20163
20165
20167
20169
20171
20173
20175
20177
20179
20181
20183
20185
20187
20189
20191
20193
20195
20197
20199
20201
20203
20205
20207
20209
20211
20213
20215
20217
20219
20221
20223
20225
20227
20229
20231
20233
20235
20237
20239
20241
20243
20245
20247
20249
20251
20253
20255
20257
20259
20261
20263
20265
20267
20269
20271
20273
20275
20277
20279
20281
20283
20285
20287
20289
20291
20293
20295
20297
20299
20301
20303
20305
20307
20309
20311
20313
20315
20317
20319
20321
20323
20325
20327
20329
20331
20333
20335
20337
20339
20341
20343
20345
20347
20349
20351
20353
20355
20357
20359
20361
20363
20365
20367
20369
20371
20373
20375
20377
20379
20381
20383
20385
20387
20389
20391
20393
20395
20397
20399
20401
20403
20405
20407
20409
20411
20413
20415
20417
20419
20421
20423
20425
20427
20429
20431
20433
20435
20437
20439
20441
20443
20445
20447
20449
20451
20453
20455
20457
20459
20461
20463
20465
20467
20469
20471
20473
20475
20477
20479
20481
20483
20485
20487
20489
20491
20493
20495
20497
20499
20501
20503
20505
20507
20509
20511
20513
20515
20517
20519
20521
20523
20525
20527
20529
20531
20533
20535
20537
20539
20541
20543
20545
20547
20549
20551
20553
20555
20557
20559
20561
20563
20565
20567
20569
20571
20573
20575
20577
20579
20581
20583
20585
20587
20589
20591
20593
20595
20597
20599
20601
20603
20605
20607
20609
20611
20613
20615
20617
20619
20621
20623
20625
20627
20629
20631
20633
20635
20637
20639
20641
20643
20645
20647
20649
20651
20653
20655
20657
20659
20661
20663
20665
20667
20669
20671
20673
20675
20677
20679
20681
20683
20685
20687
20689
20691
20693
20695
20697
20699
20701
20703
20705
20707
20709
20711
20713
20715
20717
20719
20721
20723
20725
20727
20729
20731
20733
20735
20737
20739
20741
20743
20745
20747
20749
20751
20753
20755
20757
20759
20761
20763
20765
20767
20769
20771
20773
20775
20777
20779
20781
20783
20785
20787
20789
20791
20793
20795
20797
20799
20801
20803
20805
20807
20809
20811
20813
20815
20817
20819
20821
20823
20825
20827
20829
20831
20833
20835
20837
20839
20841
20843
20845
20847
20849
20851
20853
20855
20857
20859
20861
20863
20865
20867
20869
20871
20873
20875
20877
20879
20881
20883
20885
20887
20889
20891
20893
20895
20897
20899
20901
20903
20905
20907
20909
20911
20913
20915
20917
20919
20921
20923
20925
20927
20929
20931
20933
20935
20937
20939
20941
20943
20945
20947
20949
20951
20953
20955
20957
20959
20961
20963
20965
20967
20969
20971
20973
20975
20977
20979
20981
20983
20985
20987
20989
20991
20993
20995
20997
20999
21001
21003
21005
21007
21009
21011
21013
21015
21017
21019
21021
21023
21025
21027
21029
21031
21033
21035
21037
21039
21041
21043
21045
21047
21049
21051
21053
21055
21057
21059
21061
21063
21065
21067
21069
21071
21073
21075
21077
21079
21081
21083
21085
21087
21089
21091
21093
21095
21097
21099
21101
21103
21105
21107
21109
21111
21113
21115
21117
21119
21121
21123
21125
21127
21129
21131
21133
21135
21137
21139
21141
21143
21145
21147
21149
21151
21153
21155
21157
21159
21161
21163
21165
21167
21169
21171
21173
21175
21177
21179
21181
21183
21185
21187
21189
21191
21193
21195
21197
21199
21201
21203
21205
21207
21209
21211
21213
21215
21217
21219
21221
21223
21225
21227
21229
21231
21233
21235
21237
21239
21241
21243
21245
21247
21249
21251
21253
21255
21257
21259
21261
21263
21265
21267
21269
21271
21273
21275
21277
21279
21281
21283
21285
21287
21289
21291
21293
21295
21297
21299
21301
21303
21305
21307
21309
21311
21313
21315
21317
21319
21321
21323
21325
21327
21329
21331
21333
21335
21337
21339
21341
21343
21345
21347
21349
21351
21353
21355
21357
21359
21361
21363
21365
21367
21369
21371
21373
21375
21377
21379
21381
21383
21385
21387
21389
21391
21393
21395
21397
21399
21401
21403
21405
21407
21409
21411
21413
21415
21417
21419
21421
21423
21425
21427
21429
21431
21433
21435
21437
21439
21441
21443
21445
21447
21449
21451
21453
21455
21457
21459
21461
21463
21465
21467
21469
21471
21473
21475
21477
21479
21481
21483
21485
21487
21489
21491
21493
21495
21497
21499
21501
21503
21505
21507
21509
21511
21513
21515
21517
21519
21521
21523
21525
21527
21529
21531
21533
21535
21537
21539
21541
21543
21545
21547
21549
21551
21553
21555
21557
21559
21561
21563
21565
21567
21569
21571
21573
21575
21577
21579
21581
21583
21585
21587
21589
21591
21593
21595
21597
21599
21601
21603
21605
21607
21609
21611
21613
21615
21617
21619
21621
21623
21625
21627
21629
21631
21633
21635
21637
21639
21641
21643
21645
21647
21649
21651
21653
21655
21657
21659
21661
21663
21665
21667
21669
21671
21673
21675
21677
21679
21681
21683
21685
21687
21689
21691
21693
21695
21697
21699
21701
21703
21705
21707
21709
21711
21713
21715
21717
21719
21721
21723
21725
21727
21729
21731
21733
21735
21737
21739
21741
21743
21745
21747
21749
21751
21753
21755
21757
21759
21761
21763
21765
21767
21769
21771
21773
21775
21777
21779
21781
21783
21785
21787
21789
21791
21793
21795
21797
21799
21801
21803
21805
21807
21809
21811
21813
21815
21817
21819
21821
21823
21825
21827
21829
21831
21833
21835
21837
21839
21841
21843
21845
21847
21849
21851
21853
21855
21857
21859
21861
21863
21865
21867
21869
21871
21873
21875
21877
21879
21881
21883
21885
21887
21889
21891
21893
21895
21897
21899
21901
21903
21905
21907
21909
21911
21913
21915
21917
21919
21921
21923
21925
21927
21929
21931
21933
21935
21937
21939
21941
21943
21945
21947
21949
21951
21953
21955
21957
21959
21961
21963
21965
21967
21969
21971
21973
21975
21977
21979
21981
21983
21985
21987
21989
21991
21993
21995
21997
21999
22001
22003
22005
22007
22009
22011
22013
22015
22017
22019
22021
22023
22025
22027
22029
22031
22033
22035
22037
22039
22041
22043
22045
22047
22049
22051
22053
22055
22057
22059
22061
22063
22065
22067
22069
22071
22073
22075
22077
22079
22081
22083
22085
22087
22089
22091
22093
22095
22097
22099
22101
22103
22105
22107
22109
22111
22113
22115
22117
22119
22121
22123
22125
22127
22129
22131
22133
22135
22137
22139
22141
22143
22145
22147
22149
22151
22153
22155
22157
22159
22161
22163
22165
22167
22169
22171
22173
22175
22177
22179
22181
22183
22185
22187
22189
22191
22193
22195
22197
22199
22201
22203
22205
22207
22209
22211
22213
22215
22217
22219
22221
22223
22225
22227
22229
22231
22233
22235
22237
22239
22241
22243
22245
22247
22249
22251
22253
22255
22257
22259
22261
22263
22265
22267
22269
22271
22273
22275
22277
22279
22281
22283
22285
22287
22289
22291
22293
22295
22297
22299
22301
22303
22305
22307
22309
22311
22313
22315
22317
22319
22321
22323
22325
22327
22329
22331
22333
22335
22337
22339
22341
22343
22345
22347
22349
22351
22353
22355
22357
22359
22361
22363
22365
22367
22369
22371
22373
22375
22377
22379
22381
22383
22385
22387
22389
22391
22393
22395
22397
22399
22401
22403
22405
22407
22409
22411
22413
22415
22417
22419
22421
22423
22425
22427
22429
22431
22433
22435
22437
22439
22441
22443
22445
22447
22449
22451
22453
22455
22457
22459
22461
22463
22465
22467
22469
22471
22473
22475
22477
22479
22481
22483
22485
22487
22489
22491
22493
22495
22497
22499
22501
22503
22505
22507
22509
22511
22513
22515
22517
22519
22521
22523
22525
22527
22529
22531
22533
22535
22537
22539
22541
22543
22545
22547
22549
22551
22553
22555
22557
22559
22561
22563
22565
22567
22569
22571
22573
22575
22577
22579
22581
22583
22585
22587
22589
22591
22593
22595
22597
22599
22601
22603
22605
22607
22609
22611
22613
22615
22617
22619
22621
22623
22625
22627
22629
22631
22633
22635
22637
22639
22641
22643
22645
22647
22649
22651
22653
22655
22657
22659
22661
22663
22665
22667
22669
22671
22673
22675
22677
22679
22681
22683
22685
22687
22689
22691
22693
22695
22697
22699
22701
22703
22705
22707
22709
22711
22713
22715
22717
22719
22721
22723
22725
22727
22729
22731
22733
22735
22737
22739
22741
22743
22745
22747
22749
22751
22753
22755
22757
22759
22761
22763
22765
22767
22769
22771
22773
22775
22777
22779
22781
22783
22785
22787
22789
22791
22793
22795
22797
22799
22801
22803
22805
22807
22809
22811
22813
22815
22817
22819
22821
22823
22825
22827
22829
22831
22833
22835
22837
22839
22841
22843
22845
22847
22849
22851
22853
22855
22857
22859
22861
22863
22865
22867
22869
22871
22873
22875
22877
22879
22881
22883
22885
22887
22889
22891
22893
22895
22897
22899
22901
22903
22905
22907
22909
22911
22913
22915
22917
22919
22921
22923
22925
22927
22929
22931
22933
22935
22937
22939
22941
22943
22945
22947
22949
22951
22953
22955
22957
22959
22961
22963
22965
22967
22969
22971
22973
22975
22977
22979
22981
22983
22985
22987
22989
22991
22993
22995
22997
22999
23001
23003
23005
23007
23009
23011
23013
23015
23017
23019
23021
23023
23025
23027
23029
23031
23033
23035
23037
23039
23041
23043
23045
23047
23049
23051
23053
23055
23057
23059
23061
23063
23065
23067
23069
23071
23073
23075
23077
23079
23081
23083
23085
23087
23089
23091
23093
23095
23097
23099
23101
23103
23105
23107
23109
23111
23113
23115
23117
23119
23121
23123
23125
23127
23129
23131
23133
23135
23137
23139
23141
23143
23145
23147
23149
23151
23153
23155
23157
23159
23161
23163
23165
23167
23169
23171
23173
23175
23177
23179
23181
23183
23185
23187
23189
23191
23193
23195
23197
23199
23201
23203
23205
23207
23209
23211
23213
23215
23217
23219
23221
23223
23225
23227
23229
23231
23233
23235
23237
23239
23241
23243
23245
23247
23249
23251
23253
23255
23257
23259
23261
23263
23265
23267
23269
23271
23273
23275
23277
23279
23281
23283
23285
23287
23289
23291
23293
23295
23297
23299
23301
23303
23305
23307
23309
23311
23313
23315
23317
23319
23321
23323
23325
23327
23329
23331
23333
23335
23337
23339
23341
23343
23345
23347
23349
23351
23353
23355
23357
23359
23361
23363
23365
23367
23369
23371
23373
23375
23377
23379
23381
23383
23385
23387
23389
23391
23393
23395
23397
23399
23401
23403
23405
23407
23409
23411
23413
23415
23417
23419
23421
23423
23425
23427
23429
23431
23433
23435
23437
23439
23441
23443
23445
23447
23449
23451
23453
23455
23457
23459
23461
23463
23465
23467
23469
23471
23473
23475
23477
23479
23481
23483
23485
23487
23489
23491
23493
23495
23497
23499
23501
23503
23505
23507
23509
23511
23513
23515
23517
23519
23521
23523
23525
23527
23529
23531
23533
23535
23537
23539
23541
23543
23545
23547
23549
23551
23553
23555
23557
23559
23561
23563
23565
23567
23569
23571
23573
23575
23577
23579
23581
23583
23585
23587
23589
23591
23593
23595
23597
23599
23601
23603
23605
23607
23609
23611
23613
23615
23617
23619
23621
23623
23625
23627
23629
23631
23633
23635
23637
23639
23641
23643
23645
23647
23649
23651
23653
23655
23657
23659
23661
23663
23665
23667
23669
23671
23673
23675
23677
23679
23681
23683
23685
23687
23689
23691
23693
23695
23697
23699
23701
23703
23705
23707
23709
23711
23713
23715
23717
23719
23721
23723
23725
23727
23729
23731
23733
23735
23737
23739
23741
23743
23745
23747
23749
23751
23753
23755
23757
23759
23761
23763
23765
23767
23769
23771
23773
23775
23777
23779
23781
23783
23785
23787
23789
23791
23793
23795
23797
23799
23801
23803
23805
23807
23809
23811
23813
23815
23817
23819
23821
23823
23825
23827
23829
23831
23833
23835
23837
23839
23841
23843
23845
23847
23849
23851
23853
23855
23857
23859
23861
23863
23865
23867
23869
23871
23873
23875
23877
23879
23881
23883
23885
23887
23889
23891
23893
23895
23897
23899
23901
23903
23905
23907
23909
23911
23913
23915
23917
23919
23921
23923
23925
23927
23929
23931
23933
23935
23937
23939
23941
23943
23945
23947
23949
23951
23953
23955
23957
23959
23961
23963
23965
23967
23969
23971
23973
23975
23977
23979
23981
23983
23985
23987
23989
23991
23993
23995
23997
23999
24001
24003
24005
24007
24009
24011
24013
24015
24017
24019
24021
24023
24025
24027
24029
24031
24033
24035
24037
24039
24041
24043
24045
24047
24049
24051
24053
24055
24057
24059
24061
24063
24065
24067
24069
24071
24073
24075
24077
24079
24081
24083
24085
24087
24089
24091
24093
24095
24097
24099
24101
24103
24105
24107
24109
24111
24113
24115
24117
24119
24121
24123
24125
24127
24129
24131
24133
24135
24137
24139
24141
24143
24145
24147
24149
24151
24153
24155
24157
24159
24161
24163
24165
24167
24169
24171
24173
24175
24177
24179
24181
24183
24185
24187
24189
24191
24193
24195
24197
24199
24201
24203
24205
24207
24209
24211
24213
24215
24217
24219
24221
24223
24225
24227
24229
24231
24233
24235
24237
24239
24241
24243
24245
24247
24249
24251
24253
24255
24257
24259
24261
24263
24265
24267
24269
24271
24273
24275
24277
24279
24281
24283
24285
24287
24289
24291
24293
24295
24297
24299
24301
24303
24305
24307
24309
24311
24313
24315
24317
24319
24321
24323
24325
24327
24329
24331
24333
24335
24337
24339
24341
24343
24345
24347
24349
24351
24353
24355
24357
24359
24361
24363
24365
24367
24369
24371
24373
24375
24377
24379
24381
24383
24385
24387
24389
24391
24393
24395
24397
24399
24401
24403
24405
24407
24409
24411
24413
24415
24417
24419
24421
24423
24425
24427
24429
24431
24433
24435
24437
24439
24441
24443
24445
24447
24449
24451
24453
24455
24457
24459
24461
24463
24465
24467
24469
24471
24473
24475
24477
24479
24481
24483
24485
24487
24489
24491
24493
24495
24497
24499
24501
24503
24505
24507
24509
24511
24513
24515
24517
24519
24521
24523
24525
24527
24529
24531
24533
24535
24537
24539
24541
24543
24545
24547
24549
24551
24553
24555
24557
24559
24561
24563
24565
24567
24569
24571
24573
24575
24577
24579
24581
24583
24585
24587
24589
24591
24593
24595
24597
24599
24601
24603
24605
24607
24609
24611
24613
24615
24617
24619
24621
24623
24625
24627
24629
24631
24633
24635
24637
24639
24641
24643
24645
24647
24649
24651
24653
24655
24657
24659
24661
24663
24665
24667
24669
24671
24673
24675
24677
24679
24681
24683
24685
24687
24689
24691
24693
24695
24697
24699
24701
24703
24705
24707
24709
24711
24713
24715
24717
24719
24721
24723
24725
24727
24729
24731
24733
24735
24737
24739
24741
24743
24745
24747
24749
24751
24753
24755
24757
24759
24761
24763
24765
24767
24769
24771
24773
24775
24777
24779
24781
24783
24785
24787
24789
24791
24793
24795
24797
24799
24801
24803
24805
24807
24809
24811
24813
24815
24817
24819
24821
24823
24825
24827
24829
24831
24833
24835
24837
24839
24841
24843
24845
24847
24849
24851
24853
24855
24857
24859
24861
24863
24865
24867
24869
24871
24873
24875
24877
24879
24881
24883
24885
24887
24889
24891
24893
24895
24897
24899
24901
24903
24905
24907
24909
24911
24913
24915
24917
24919
24921
24923
24925
24927
24929
24931
24933
24935
24937
24939
24941
24943
24945
24947
24949
24951
24953
24955
24957
24959
24961
24963
24965
24967
24969
24971
24973
24975
24977
24979
24981
24983
24985
24987
24989
24991
24993
24995
24997
24999
25001
25003
25005
25007
25009
25011
25013
25015
25017
25019
25021
25023
25025
25027
25029
25031
25033
25035
25037
25039
25041
25043
25045
25047
25049
25051
25053
25055
25057
25059
25061
25063
25065
25067
25069
25071
25073
25075
25077
25079
25081
25083
25085
25087
25089
25091
25093
25095
25097
25099
25101
25103
25105
25107
25109
25111
25113
25115
25117
25119
25121
25123
25125
25127
25129
25131
25133
25135
25137
25139
25141
25143
25145
25147
25149
25151
25153
25155
25157
25159
25161
25163
25165
25167
25169
25171
25173
25175
25177
25179
25181
25183
25185
25187
25189
25191
25193
25195
25197
25199
25201
25203
25205
25207
25209
25211
25213
25215
25217
25219
25221
25223
25225
25227
25229
25231
25233
25235
25237
25239
25241
25243
25245
25247
25249
25251
25253
25255
25257
25259
25261
25263
25265
25267
25269
25271
25273
25275
25277
25279
25281
25283
25285
25287
25289
25291
25293
25295
25297
25299
25301
25303
25305
25307
25309
25311
25313
25315
25317
25319
25321
25323
25325
25327
25329
25331
25333
25335
25337
25339
25341
25343
25345
25347
25349
25351
25353
25355
25357
25359
25361
25363
25365
25367
25369
25371
25373
25375
25377
25379
25381
25383
25385
25387
25389
25391
25393
25395
25397
25399
25401
25403
25405
25407
25409
25411
25413
25415
25417
25419
25421
25423
25425
25427
25429
25431
25433
25435
25437
25439
25441
25443
25445
25447
25449
25451
25453
25455
25457
25459
25461
25463
25465
25467
25469
25471
25473
25475
25477
25479
25481
25483
25485
25487
25489
25491
25493
25495
25497
25499
25501
25503
25505
25507
25509
25511
25513
25515
25517
25519
25521
25523
25525
25527
25529
25531
25533
25535
25537
25539
25541
25543
25545
25547
25549
25551
25553
25555
25557
25559
25561
25563
25565
25567
25569
25571
25573
25575
25577
25579
25581
25583
25585
25587
25589
25591
25593
25595
25597
25599
25601
25603
25605
25607
25609
25611
25613
25615
25617
25619
25621
25623
25625
25627
25629
25631
25633
25635
25637
25639
25641
25643
25645
25647
25649
25651
25653
25655
25657
25659
25661
25663
25665
25667
25669
25671
25673
25675
25677
25679
25681
25683
25685
25687
25689
25691
25693
25695
25697
25699
25701
25703
25705
25707
25709
25711
25713
25715
25717
25719
25721
25723
25725
25727
25729
25731
25733
25735
25737
25739
25741
25743
25745
25747
25749
25751
25753
25755
25757
25759
25761
25763
25765
25767
25769
25771
25773
25775
25777
25779
25781
25783
25785
25787
25789
25791
25793
25795
25797
25799
25801
25803
25805
25807
25809
25811
25813
25815
25817
25819
25821
25823
25825
25827
25829
25831
25833
25835
25837
25839
25841
25843
25845
25847
25849
25851
25853
25855
25857
25859
25861
25863
25865
25867
25869
25871
25873
25875
25877
25879
25881
25883
25885
25887
25889
25891
25893
25895
25897
25899
25901
25903
25905
25907
25909
25911
25913
25915
25917
25919
25921
25923
25925
25927
25929
25931
25933
25935
25937
25939
25941
25943
25945
25947
25949
25951
25953
25955
25957
25959
25961
25963
25965
25967
25969
25971
25973
25975
25977
25979
25981
25983
25985
25987
25989
25991
25993
25995
25997
25999
26001
26003
26005
26007
26009
26011
26013
26015
26017
26019
26021
26023
26025
26027
26029
26031
26033
26035
26037
26039
26041
26043
26045
26047
26049
26051
26053
26055
26057
26059
26061
26063
26065
26067
26069
26071
26073
26075
26077
26079
26081
26083
26085
26087
26089
26091
26093
26095
26097
26099
26101
26103
26105
26107
26109
26111
26113
26115
26117
26119
26121
26123
26125
26127
26129
26131
26133
26135
26137
26139
26141
26143
26145
26147
26149
26151
26153
26155
26157
26159
26161
26163
26165
26167
26169
26171
26173
26175
26177
26179
26181
26183
26185
26187
26189
26191
26193
26195
26197
26199
26201
26203
26205
26207
26209
26211
26213
26215
26217
26219
26221
26223
26225
26227
26229
26231
26233
26235
26237
26239
26241
26243
26245
26247
26249
26251
26253
26255
26257
26259
26261
26263
26265
26267
26269
26271
26273
26275
26277
26279
26281
26283
26285
26287
26289
26291
26293
26295
26297
26299
26301
26303
26305
26307
26309
26311
26313
26315
26317
26319
26321
26323
26325
26327
26329
26331
26333
26335
26337
26339
26341
26343
26345
26347
26349
26351
26353
26355
26357
26359
26361
26363
26365
26367
26369
26371
26373
26375
26377
26379
26381
26383
26385
26387
26389
26391
26393
26395
26397
26399
26401
26403
26405
26407
26409
26411
26413
26415
26417
26419
26421
26423
26425
26427
26429
26431
26433
26435
26437
26439
26441
26443
26445
26447
26449
26451
26453
26455
26457
26459
26461
26463
26465
26467
26469
26471
26473
26475
26477
26479
26481
26483
26485
26487
26489
26491
26493
26495
26497
26499
26501
26503
26505
26507
26509
26511
26513
26515
26517
26519
26521
26523
26525
26527
26529
26531
26533
26535
26537
26539
26541
26543
26545
26547
26549
26551
26553
26555
26557
26559
26561
26563
26565
26567
26569
26571
26573
26575
26577
26579
26581
26583
26585
26587
26589
26591
26593
26595
26597
26599
26601
26603
26605
26607
26609
26611
26613
26615
26617
26619
26621
26623
26625
26627
26629
26631
26633
26635
26637
26639
26641
26643
26645
26647
26649
26651
26653
26655
26657
26659
26661
26663
26665
26667
26669
26671
26673
26675
26677
26679
26681
26683
26685
26687
26689
26691
26693
26695
26697
26699
26701
26703
26705
26707
26709
26711
26713
26715
26717
26719
26721
26723
26725
26727
26729
26731
26733
26735
26737
26739
26741
26743
26745
26747
26749
26751
26753
26755
26757
26759
26761
26763
26765
26767
26769
26771
26773
26775
26777
26779
26781
26783
26785
26787
26789
26791
26793
26795
26797
26799
26801
26803
26805
26807
26809
26811
26813
26815
26817
26819
26821
26823
26825
26827
26829
26831
26833
26835
26837
26839
26841
26843
26845
26847
26849
26851
26853
26855
26857
26859
26861
26863
26865
26867
26869
26871
26873
26875
26877
26879
26881
26883
26885
26887
26889
26891
26893
26895
26897
26899
26901
26903
26905
26907
26909
26911
26913
26915
26917
26919
26921
26923
26925
26927
26929
26931
26933
26935
26937
26939
26941
26943
26945
26947
26949
26951
26953
26955
26957
26959
26961
26963
26965
26967
26969
26971
26973
26975
26977
26979
26981
26983
26985
26987
26989
26991
26993
26995
26997
26999
27001
27003
27005
27007
27009
27011
27013
27015
27017
27019
27021
27023
27025
27027
27029
27031
27033
27035
27037
27039
27041
27043
27045
27047
27049
27051
27053
27055
27057
27059
27061
27063
27065
27067
27069
27071
27073
27075
27077
27079
27081
27083
27085
27087
27089
27091
27093
27095
27097
27099
27101
27103
27105
27107
27109
27111
27113
27115
27117
27119
27121
27123
27125
27127
27129
27131
27133
27135
27137
27139
27141
27143
27145
27147
27149
27151
27153
27155
27157
27159
27161
27163
27165
27167
27169
27171
27173
27175
27177
27179
27181
27183
27185
27187
27189
27191
27193
27195
27197
27199
27201
27203
27205
27207
27209
27211
27213
27215
27217
27219
27221
27223
27225
27227
27229
27231
27233
27235
27237
27239
27241
27243
27245
27247
27249
27251
27253
27255
27257
27259
27261
27263
27265
27267
27269
27271
27273
27275
27277
27279
27281
27283
27285
27287
27289
27291
27293
27295
27297
27299
27301
27303
27305
27307
27309
27311
27313
27315
27317
27319
27321
27323
27325
27327
27329
27331
27333
27335
27337
27339
27341
27343
27345
27347
27349
27351
27353
27355
27357
27359
27361
27363
27365
27367
27369
27371
27373
27375
27377
27379
27381
27383
27385
27387
27389
27391
27393
27395
27397
27399
27401
27403
27405
27407
27409
27411
27413
27415
27417
27419
27421
27423
27425
27427
27429
27431
27433
27435
27437
27439
27441
27443
27445
27447
27449
27451
27453
27455
27457
27459
27461
27463
27465
27467
27469
27471
27473
27475
27477
27479
27481
27483
27485
27487
27489
27491
27493
27495
27497
27499
27501
27503
27505
27507
27509
27511
27513
27515
27517
27519
27521
27523
27525
27527
27529
27531
27533
27535
27537
27539
27541
27543
27545
27547
27549
27551
27553
27555
27557
27559
27561
27563
27565
27567
27569
27571
27573
27575
27577
27579
27581
27583
27585
27587
27589
27591
27593
27595
27597
27599
27601
27603
27605
27607
27609
27611
27613
27615
27617
27619
27621
27623
27625
27627
27629
27631
27633
27635
27637
27639
27641
27643
27645
27647
27649
27651
27653
27655
27657
27659
27661
27663
27665
27667
27669
27671
27673
27675
27677
27679
27681
27683
27685
27687
27689
27691
27693
27695
27697
27699
27701
27703
27705
27707
27709
27711
27713
27715
27717
27719
27721
27723
27725
27727
27729
27731
27733
27735
27737
27739
27741
27743
27745
27747
27749
27751
27753
27755
27757
27759
27761
27763
27765
27767
27769
27771
27773
27775
27777
27779
27781
27783
27785
27787
27789
27791
27793
27795
27797
27799
27801
27803
27805
27807
27809
27811
27813
27815
27817
27819
27821
27823
27825
27827
27829
27831
27833
27835
27837
27839
27841
27843
27845
27847
27849
27851
27853
27855
27857
27859
27861
27863
27865
27867
27869
27871
27873
27875
27877
27879
27881
27883
27885
27887
27889
27891
27893
27895
27897
27899
27901
27903
27905
27907
27909
27911
27913
27915
27917
27919
27921
27923
27925
27927
27929
27931
27933
27935
27937
27939
27941
27943
27945
27947
27949
27951
27953
27955
27957
27959
27961
27963
27965
27967
27969
27971
27973
27975
27977
27979
27981
27983
27985
27987
27989
27991
27993
27995
27997
27999
28001
28003
28005
28007
28009
28011
28013
28015
28017
28019
28021
28023
28025
28027
28029
28031
28033
28035
28037
28039
28041
28043
28045
28047
28049
28051
28053
28055
28057
28059
28061
28063
28065
28067
28069
28071
28073
28075
28077
28079
28081
28083
28085
28087
28089
28091
28093
28095
28097
28099
28101
28103
28105
28107
28109
28111
28113
28115
28117
28119
28121
28123
28125
28127
28129
28131
28133
28135
28137
28139
28141
28143
28145
28147
28149
28151
28153
28155
28157
28159
28161
28163
28165
28167
28169
28171
28173
28175
28177
28179
28181
28183
28185
28187
28189
28191
28193
28195
28197
28199
28201
28203
28205
28207
28209
28211
28213
28215
28217
28219
28221
28223
28225
28227
28229
28231
28233
28235
28237
28239
28241
28243
28245
28247
28249
28251
28253
28255
28257
28259
28261
28263
28265
28267
28269
28271
28273
28275
28277
28279
28281
28283
28285
28287
28289
28291
28293
28295
28297
28299
28301
28303
28305
28307
28309
28311
28313
28315
28317
28319
28321
28323
28325
28327
28329
28331
28333
28335
28337
28339
28341
28343
28345
28347
28349
28351
28353
28355
28357
28359
28361
28363
28365
28367
28369
28371
28373
28375
28377
28379
28381
28383
28385
28387
28389
28391
28393
28395
28397
28399
28401
28403
28405
28407
28409
28411
28413
28415
28417
28419
28421
28423
28425
28427
28429
28431
28433
28435
28437
28439
28441
28443
28445
28447
28449
28451
28453
28455
28457
28459
28461
28463
28465
28467
28469
28471
28473
28475
28477
28479
28481
28483
28485
28487
28489
28491
28493
28495
28497
28499
28501
28503
28505
28507
28509
28511
28513
28515
28517
28519
28521
28523
28525
28527
28529
28531
28533
28535
28537
28539
28541
28543
28545
28547
28549
28551
28553
28555
28557
28559
28561
28563
28565
28567
28569
28571
28573
28575
28577
28579
28581
28583
28585
28587
28589
28591
28593
28595
28597
28599
28601
28603
28605
28607
28609
28611
28613
28615
28617
28619
28621
28623
28625
28627
28629
28631
28633
28635
28637
28639
28641
28643
28645
28647
28649
28651
28653
28655
28657
28659
28661
28663
28665
28667
28669
28671
28673
28675
28677
28679
28681
28683
28685
28687
28689
28691
28693
28695
28697
28699
28701
28703
28705
28707
28709
28711
28713
28715
28717
28719
28721
28723
28725
28727
28729
28731
28733
28735
28737
28739
28741
28743
28745
28747
28749
28751
28753
28755
28757
28759
28761
28763
28765
28767
28769
28771
28773
28775
28777
28779
28781
28783
28785
28787
28789
28791
28793
28795
28797
28799
28801
28803
28805
28807
28809
28811
28813
28815
28817
28819
28821
28823
28825
28827
28829
28831
28833
28835
28837
28839
28841
28843
28845
28847
28849
28851
28853
28855
28857
28859
28861
28863
28865
28867
28869
28871
28873
28875
28877
28879
28881
28883
28885
28887
28889
28891
28893
28895
28897
28899
28901
28903
28905
28907
28909
28911
28913
28915
28917
28919
28921
28923
28925
28927
28929
28931
28933
28935
28937
28939
28941
28943
28945
28947
28949
28951
28953
28955
28957
28959
28961
28963
28965
28967
28969
28971
28973
28975
28977
28979
28981
28983
28985
28987
28989
28991
28993
28995
28997
28999
29001
29003
29005
29007
29009
29011
29013
29015
29017
29019
29021
29023
29025
29027
29029
29031
29033
29035
29037
29039
29041
29043
29045
29047
29049
29051
29053
29055
29057
29059
29061
29063
29065
29067
29069
29071
29073
29075
29077
29079
29081
29083
29085
29087
29089
29091
29093
29095
29097
29099
29101
29103
29105
29107
29109
29111
29113
29115
29117
29119
29121
29123
29125
29127
29129
29131
29133
29135
29137
29139
29141
29143
29145
29147
29149
29151
29153
29155
29157
29159
29161
29163
29165
29167
29169
29171
29173
29175
29177
29179
29181
29183
29185
29187
29189
29191
29193
29195
29197
29199
29201
29203
29205
29207
29209
29211
29213
29215
29217
29219
29221
29223
29225
29227
29229
29231
29233
29235
29237
29239
29241
29243
29245
29247
29249
29251
29253
29255
29257
29259
29261
29263
29265
29267
29269
29271
29273
29275
29277
29279
29281
29283
29285
29287
29289
29291
29293
29295
29297
29299
29301
29303
29305
29307
29309
29311
29313
29315
29317
29319
29321
29323
29325
29327
29329
29331
29333
29335
29337
29339
29341
29343
29345
29347
29349
29351
29353
29355
29357
29359
29361
29363
29365
29367
29369
29371
29373
29375
29377
29379
29381
29383
29385
29387
29389
29391
29393
29395
29397
29399
29401
29403
29405
29407
29409
29411
29413
29415
29417
29419
29421
29423
29425
29427
29429
29431
29433
29435
29437
29439
29441
29443
29445
29447
29449
29451
29453
29455
29457
29459
29461
29463
29465
29467
29469
29471
29473
29475
29477
29479
29481
29483
29485
29487
29489
29491
29493
29495
29497
29499
29501
29503
29505
29507
29509
29511
29513
29515
29517
29519
29521
29523
29525
29527
29529
29531
29533
29535
29537
29539
29541
29543
29545
29547
29549
29551
29553
29555
29557
29559
29561
29563
29565
29567
29569
29571
29573
29575
29577
29579
29581
29583
29585
29587
29589
29591
29593
29595
29597
29599
29601
29603
29605
29607
29609
29611
29613
29615
29617
29619
29621
29623
29625
29627
29629
29631
29633
29635
29637
29639
29641
29643
29645
29647
29649
29651
29653
29655
29657
29659
29661
29663
29665
29667
29669
29671
29673
29675
29677
29679
29681
29683
29685
29687
29689
29691
29693
29695
29697
29699
29701
29703
29705
29707
29709
29711
29713
29715
29717
29719
29721
29723
29725
29727
29729
29731
29733
29735
29737
29739
29741
29743
29745
29747
29749
29751
29753
29755
29757
29759
29761
29763
29765
29767
29769
29771
29773
29775
29777
29779
29781
29783
29785
29787
29789
29791
29793
29795
29797
29799
29801
29803
29805
29807
29809
29811
29813
29815
29817
29819
29821
29823
29825
29827
29829
29831
29833
29835
29837
29839
29841
29843
29845
29847
29849
29851
29853
29855
29857
29859
29861
29863
29865
29867
29869
29871
29873
29875
29877
29879
29881
29883
29885
29887
29889
29891
29893
29895
29897
29899
29901
29903
29905
29907
29909
29911
29913
29915
29917
29919
29921
29923
29925
29927
29929
29931
29933
29935
29937
29939
29941
29943
29945
29947
29949
29951
29953
29955
29957
29959
29961
29963
29965
29967
29969
29971
29973
29975
29977
29979
29981
29983
29985
29987
29989
29991
29993
29995
29997
29999
