30001
30003
30005
30007
30009
30011
30013
30015
30017
30019
30021
30023
30025
30027
30029
30031
30033
30035
30037
30039
30041
30043
30045
30047
30049
30051
30053
30055
30057
30059
30061
30063
30065
30067
30069
30071
30073
30075
30077
30079
30081
30083
30085
30087
30089
30091
30093
30095
30097
30099
30101
30103
30105
30107
30109
30111
30113
30115
30117
30119
30121
30123
30125
30127
30129
30131
30133
30135
30137
30139
30141
30143
30145
30147
30149
30151
30153
30155
30157
30159
30161
30163
30165
30167
30169
30171
30173
30175
30177
30179
30181
30183
30185
30187
30189
30191
30193
30195
30197
30199
30201
30203
30205
30207
30209
30211
30213
30215
30217
30219
30221
30223
30225
30227
30229
30231
30233
30235
30237
30239
30241
30243
30245
30247
30249
30251
30253
30255
30257
30259
30261
30263
30265
30267
30269
30271
30273
30275
30277
30279
30281
30283
30285
30287
30289
30291
30293
30295
30297
30299
30301
30303
30305
30307
30309
30311
30313
30315
30317
30319
30321
30323
30325
30327
30329
30331
30333
30335
30337
30339
30341
30343
30345
30347
30349
30351
30353
30355
30357
30359
30361
30363
30365
30367
30369
30371
30373
30375
30377
30379
30381
30383
30385
30387
30389
30391
30393
30395
30397
30399
30401
30403
30405
30407
30409
30411
30413
30415
30417
30419
30421
30423
30425
30427
30429
30431
30433
30435
30437
30439
30441
30443
30445
30447
30449
30451
30453
30455
30457
30459
30461
30463
30465
30467
30469
30471
30473
30475
30477
30479
30481
30483
30485
30487
30489
30491
30493
30495
30497
30499
30501
30503
30505
30507
30509
30511
30513
30515
30517
30519
30521
30523
30525
30527
30529
30531
30533
30535
30537
30539
30541
30543
30545
30547
30549
30551
30553
30555
30557
30559
30561
30563
30565
30567
30569
30571
30573
30575
30577
30579
30581
30583
30585
30587
30589
30591
30593
30595
30597
30599
30601
30603
30605
30607
30609
30611
30613
30615
30617
30619
30621
30623
30625
30627
30629
30631
30633
30635
30637
30639
30641
30643
30645
30647
30649
30651
30653
30655
30657
30659
30661
30663
30665
30667
30669
30671
30673
30675
30677
30679
30681
30683
30685
30687
30689
30691
30693
30695
30697
30699
30701
30703
30705
30707
30709
30711
30713
30715
30717
30719
30721
30723
30725
30727
30729
30731
30733
30735
30737
30739
30741
30743
30745
30747
30749
30751
30753
30755
30757
30759
30761
30763
30765
30767
30769
30771
30773
30775
30777
30779
30781
30783
30785
30787
30789
30791
30793
30795
30797
30799
30801
30803
30805
30807
30809
30811
30813
30815
30817
30819
30821
30823
30825
30827
30829
30831
30833
30835
30837
30839
30841
30843
30845
30847
30849
30851
30853
30855
30857
30859
30861
30863
30865
30867
30869
30871
30873
30875
30877
30879
30881
30883
30885
30887
30889
30891
30893
30895
30897
30899
30901
30903
30905
30907
30909
30911
30913
30915
30917
30919
30921
30923
30925
30927
30929
30931
30933
30935
30937
30939
30941
30943
30945
30947
30949
30951
30953
30955
30957
30959
30961
30963
30965
30967
30969
30971
30973
30975
30977
30979
30981
30983
30985
30987
30989
30991
30993
30995
30997
30999
31001
31003
31005
31007
31009
31011
31013
31015
31017
31019
31021
31023
31025
31027
31029
31031
31033
31035
31037
31039
31041
31043
31045
31047
31049
31051
31053
31055
31057
31059
31061
31063
31065
31067
31069
31071
31073
31075
31077
31079
31081
31083
31085
31087
31089
31091
31093
31095
31097
31099
31101
31103
31105
31107
31109
31111
31113
31115
31117
31119
31121
31123
31125
31127
31129
31131
31133
31135
31137
31139
31141
31143
31145
31147
31149
31151
31153
31155
31157
31159
31161
31163
31165
31167
31169
31171
31173
31175
31177
31179
31181
31183
31185
31187
31189
31191
31193
31195
31197
31199
31201
31203
31205
31207
31209
31211
31213
31215
31217
31219
31221
31223
31225
31227
31229
31231
31233
31235
31237
31239
31241
31243
31245
31247
31249
31251
31253
31255
31257
31259
31261
31263
31265
31267
31269
31271
31273
31275
31277
31279
31281
31283
31285
31287
31289
31291
31293
31295
31297
31299
31301
31303
31305
31307
31309
31311
31313
31315
31317
31319
31321
31323
31325
31327
31329
31331
31333
31335
31337
31339
31341
31343
31345
31347
31349
31351
31353
31355
31357
31359
31361
31363
31365
31367
31369
31371
31373
31375
31377
31379
31381
31383
31385
31387
31389
31391
31393
31395
31397
31399
31401
31403
31405
31407
31409
31411
31413
31415
31417
31419
31421
31423
31425
31427
31429
31431
31433
31435
31437
31439
31441
31443
31445
31447
31449
31451
31453
31455
31457
31459
31461
31463
31465
31467
31469
31471
31473
31475
31477
31479
31481
31483
31485
31487
31489
31491
31493
31495
31497
31499
31501
31503
31505
31507
31509
31511
31513
31515
31517
31519
31521
31523
31525
31527
31529
31531
31533
31535
31537
31539
31541
31543
31545
31547
31549
31551
31553
31555
31557
31559
31561
31563
31565
31567
31569
31571
31573
31575
31577
31579
31581
31583
31585
31587
31589
31591
31593
31595
31597
31599
31601
31603
31605
31607
31609
31611
31613
31615
31617
31619
31621
31623
31625
31627
31629
31631
31633
31635
31637
31639
31641
31643
31645
31647
31649
31651
31653
31655
31657
31659
31661
31663
31665
31667
31669
31671
31673
31675
31677
31679
31681
31683
31685
31687
31689
31691
31693
31695
31697
31699
31701
31703
31705
31707
31709
31711
31713
31715
31717
31719
31721
31723
31725
31727
31729
31731
31733
31735
31737
31739
31741
31743
31745
31747
31749
31751
31753
31755
31757
31759
31761
31763
31765
31767
31769
31771
31773
31775
31777
31779
31781
31783
31785
31787
31789
31791
31793
31795
31797
31799
31801
31803
31805
31807
31809
31811
31813
31815
31817
31819
31821
31823
31825
31827
31829
31831
31833
31835
31837
31839
31841
31843
31845
31847
31849
31851
31853
31855
31857
31859
31861
31863
31865
31867
31869
31871
31873
31875
31877
31879
31881
31883
31885
31887
31889
31891
31893
31895
31897
31899
31901
31903
31905
31907
31909
31911
31913
31915
31917
31919
31921
31923
31925
31927
31929
31931
31933
31935
31937
31939
31941
31943
31945
31947
31949
31951
31953
31955
31957
31959
31961
31963
31965
31967
31969
31971
31973
31975
31977
31979
31981
31983
31985
31987
31989
31991
31993
31995
31997
31999
32001
32003
32005
32007
32009
32011
32013
32015
32017
32019
32021
32023
32025
32027
32029
32031
32033
32035
32037
32039
32041
32043
32045
32047
32049
32051
32053
32055
32057
32059
32061
32063
32065
32067
32069
32071
32073
32075
32077
32079
32081
32083
32085
32087
32089
32091
32093
32095
32097
32099
32101
32103
32105
32107
32109
32111
32113
32115
32117
32119
32121
32123
32125
32127
32129
32131
32133
32135
32137
32139
32141
32143
32145
32147
32149
32151
32153
32155
32157
32159
32161
32163
32165
32167
32169
32171
32173
32175
32177
32179
32181
32183
32185
32187
32189
32191
32193
32195
32197
32199
32201
32203
32205
32207
32209
32211
32213
32215
32217
32219
32221
32223
32225
32227
32229
32231
32233
32235
32237
32239
32241
32243
32245
32247
32249
32251
32253
32255
32257
32259
32261
32263
32265
32267
32269
32271
32273
32275
32277
32279
32281
32283
32285
32287
32289
32291
32293
32295
32297
32299
32301
32303
32305
32307
32309
32311
32313
32315
32317
32319
32321
32323
32325
32327
32329
32331
32333
32335
32337
32339
32341
32343
32345
32347
32349
32351
32353
32355
32357
32359
32361
32363
32365
32367
32369
32371
32373
32375
32377
32379
32381
32383
32385
32387
32389
32391
32393
32395
32397
32399
32401
32403
32405
32407
32409
32411
32413
32415
32417
32419
32421
32423
32425
32427
32429
32431
32433
32435
32437
32439
32441
32443
32445
32447
32449
32451
32453
32455
32457
32459
32461
32463
32465
32467
32469
32471
32473
32475
32477
32479
32481
32483
32485
32487
32489
32491
32493
32495
32497
32499
32501
32503
32505
32507
32509
32511
32513
32515
32517
32519
32521
32523
32525
32527
32529
32531
32533
32535
32537
32539
32541
32543
32545
32547
32549
32551
32553
32555
32557
32559
32561
32563
32565
32567
32569
32571
32573
32575
32577
32579
32581
32583
32585
32587
32589
32591
32593
32595
32597
32599
32601
32603
32605
32607
32609
32611
32613
32615
32617
32619
32621
32623
32625
32627
32629
32631
32633
32635
32637
32639
32641
32643
32645
32647
32649
32651
32653
32655
32657
32659
32661
32663
32665
32667
32669
32671
32673
32675
32677
32679
32681
32683
32685
32687
32689
32691
32693
32695
32697
32699
32701
32703
32705
32707
32709
32711
32713
32715
32717
32719
32721
32723
32725
32727
32729
32731
32733
32735
32737
32739
32741
32743
32745
32747
32749
32751
32753
32755
32757
32759
32761
32763
32765
32767
32769
32771
32773
32775
32777
32779
32781
32783
32785
32787
32789
32791
32793
32795
32797
32799
32801
32803
32805
32807
32809
32811
32813
32815
32817
32819
32821
32823
32825
32827
32829
32831
32833
32835
32837
32839
32841
32843
32845
32847
32849
32851
32853
32855
32857
32859
32861
32863
32865
32867
32869
32871
32873
32875
32877
32879
32881
32883
32885
32887
32889
32891
32893
32895
32897
32899
32901
32903
32905
32907
32909
32911
32913
32915
32917
32919
32921
32923
32925
32927
32929
32931
32933
32935
32937
32939
32941
32943
32945
32947
32949
32951
32953
32955
32957
32959
32961
32963
32965
32967
32969
32971
32973
32975
32977
32979
32981
32983
32985
32987
32989
32991
32993
32995
32997
32999
33001
33003
33005
33007
33009
33011
33013
33015
33017
33019
33021
33023
33025
33027
33029
33031
33033
33035
33037
33039
33041
33043
33045
33047
33049
33051
33053
33055
33057
33059
33061
33063
33065
33067
33069
33071
33073
33075
33077
33079
33081
33083
33085
33087
33089
33091
33093
33095
33097
33099
33101
33103
33105
33107
33109
33111
33113
33115
33117
33119
33121
33123
33125
33127
33129
33131
33133
33135
33137
33139
33141
33143
33145
33147
33149
33151
33153
33155
33157
33159
33161
33163
33165
33167
33169
33171
33173
33175
33177
33179
33181
33183
33185
33187
33189
33191
33193
33195
33197
33199
33201
33203
33205
33207
33209
33211
33213
33215
33217
33219
33221
33223
33225
33227
33229
33231
33233
33235
33237
33239
33241
33243
33245
33247
33249
33251
33253
33255
33257
33259
33261
33263
33265
33267
33269
33271
33273
33275
33277
33279
33281
33283
33285
33287
33289
33291
33293
33295
33297
33299
33301
33303
33305
33307
33309
33311
33313
33315
33317
33319
33321
33323
33325
33327
33329
33331
33333
33335
33337
33339
33341
33343
33345
33347
33349
33351
33353
33355
33357
33359
33361
33363
33365
33367
33369
33371
33373
33375
33377
33379
33381
33383
33385
33387
33389
33391
33393
33395
33397
33399
33401
33403
33405
33407
33409
33411
33413
33415
33417
33419
33421
33423
33425
33427
33429
33431
33433
33435
33437
33439
33441
33443
33445
33447
33449
33451
33453
33455
33457
33459
33461
33463
33465
33467
33469
33471
33473
33475
33477
33479
33481
33483
33485
33487
33489
33491
33493
33495
33497
33499
33501
33503
33505
33507
33509
33511
33513
33515
33517
33519
33521
33523
33525
33527
33529
33531
33533
33535
33537
33539
33541
33543
33545
33547
33549
33551
33553
33555
33557
33559
33561
33563
33565
33567
33569
33571
33573
33575
33577
33579
33581
33583
33585
33587
33589
33591
33593
33595
33597
33599
33601
33603
33605
33607
33609
33611
33613
33615
33617
33619
33621
33623
33625
33627
33629
33631
33633
33635
33637
33639
33641
33643
33645
33647
33649
33651
33653
33655
33657
33659
33661
33663
33665
33667
33669
33671
33673
33675
33677
33679
33681
33683
33685
33687
33689
33691
33693
33695
33697
33699
33701
33703
33705
33707
33709
33711
33713
33715
33717
33719
33721
33723
33725
33727
33729
33731
33733
33735
33737
33739
33741
33743
33745
33747
33749
33751
33753
33755
33757
33759
33761
33763
33765
33767
33769
33771
33773
33775
33777
33779
33781
33783
33785
33787
33789
33791
33793
33795
33797
33799
33801
33803
33805
33807
33809
33811
33813
33815
33817
33819
33821
33823
33825
33827
33829
33831
33833
33835
33837
33839
33841
33843
33845
33847
33849
33851
33853
33855
33857
33859
33861
33863
33865
33867
33869
33871
33873
33875
33877
33879
33881
33883
33885
33887
33889
33891
33893
33895
33897
33899
33901
33903
33905
33907
33909
33911
33913
33915
33917
33919
33921
33923
33925
33927
33929
33931
33933
33935
33937
33939
33941
33943
33945
33947
33949
33951
33953
33955
33957
33959
33961
33963
33965
33967
33969
33971
33973
33975
33977
33979
33981
33983
33985
33987
33989
33991
33993
33995
33997
33999
34001
34003
34005
34007
34009
34011
34013
34015
34017
34019
34021
34023
34025
34027
34029
34031
34033
34035
34037
34039
34041
34043
34045
34047
34049
34051
34053
34055
34057
34059
34061
34063
34065
34067
34069
34071
34073
34075
34077
34079
34081
34083
34085
34087
34089
34091
34093
34095
34097
34099
34101
34103
34105
34107
34109
34111
34113
34115
34117
34119
34121
34123
34125
34127
34129
34131
34133
34135
34137
34139
34141
34143
34145
34147
34149
34151
34153
34155
34157
34159
34161
34163
34165
34167
34169
34171
34173
34175
34177
34179
34181
34183
34185
34187
34189
34191
34193
34195
34197
34199
34201
34203
34205
34207
34209
34211
34213
34215
34217
34219
34221
34223
34225
34227
34229
34231
34233
34235
34237
34239
34241
34243
34245
34247
34249
34251
34253
34255
34257
34259
34261
34263
34265
34267
34269
34271
34273
34275
34277
34279
34281
34283
34285
34287
34289
34291
34293
34295
34297
34299
34301
34303
34305
34307
34309
34311
34313
34315
34317
34319
34321
34323
34325
34327
34329
34331
34333
34335
34337
34339
34341
34343
34345
34347
34349
34351
34353
34355
34357
34359
34361
34363
34365
34367
34369
34371
34373
34375
34377
34379
34381
34383
34385
34387
34389
34391
34393
34395
34397
34399
34401
34403
34405
34407
34409
34411
34413
34415
34417
34419
34421
34423
34425
34427
34429
34431
34433
34435
34437
34439
34441
34443
34445
34447
34449
34451
34453
34455
34457
34459
34461
34463
34465
34467
34469
34471
34473
34475
34477
34479
34481
34483
34485
34487
34489
34491
34493
34495
34497
34499
34501
34503
34505
34507
34509
34511
34513
34515
34517
34519
34521
34523
34525
34527
34529
34531
34533
34535
34537
34539
34541
34543
34545
34547
34549
34551
34553
34555
34557
34559
34561
34563
34565
34567
34569
34571
34573
34575
34577
34579
34581
34583
34585
34587
34589
34591
34593
34595
34597
34599
34601
34603
34605
34607
34609
34611
34613
34615
34617
34619
34621
34623
34625
34627
34629
34631
34633
34635
34637
34639
34641
34643
34645
34647
34649
34651
34653
34655
34657
34659
34661
34663
34665
34667
34669
34671
34673
34675
34677
34679
34681
34683
34685
34687
34689
34691
34693
34695
34697
34699
34701
34703
34705
34707
34709
34711
34713
34715
34717
34719
34721
34723
34725
34727
34729
34731
34733
34735
34737
34739
34741
34743
34745
34747
34749
34751
34753
34755
34757
34759
34761
34763
34765
34767
34769
34771
34773
34775
34777
34779
34781
34783
34785
34787
34789
34791
34793
34795
34797
34799
34801
34803
34805
34807
34809
34811
34813
34815
34817
34819
34821
34823
34825
34827
34829
34831
34833
34835
34837
34839
34841
34843
34845
34847
34849
34851
34853
34855
34857
34859
34861
34863
34865
34867
34869
34871
34873
34875
34877
34879
34881
34883
34885
34887
34889
34891
34893
34895
34897
34899
34901
34903
34905
34907
34909
34911
34913
34915
34917
34919
34921
34923
34925
34927
34929
34931
34933
34935
34937
34939
34941
34943
34945
34947
34949
34951
34953
34955
34957
34959
34961
34963
34965
34967
34969
34971
34973
34975
34977
34979
34981
34983
34985
34987
34989
34991
34993
34995
34997
34999
35001
35003
35005
35007
35009
35011
35013
35015
35017
35019
35021
35023
35025
35027
35029
35031
35033
35035
35037
35039
35041
35043
35045
35047
35049
35051
35053
35055
35057
35059
35061
35063
35065
35067
35069
35071
35073
35075
35077
35079
35081
35083
35085
35087
35089
35091
35093
35095
35097
35099
35101
35103
35105
35107
35109
35111
35113
35115
35117
35119
35121
35123
35125
35127
35129
35131
35133
35135
35137
35139
35141
35143
35145
35147
35149
35151
35153
35155
35157
35159
35161
35163
35165
35167
35169
35171
35173
35175
35177
35179
35181
35183
35185
35187
35189
35191
35193
35195
35197
35199
35201
35203
35205
35207
35209
35211
35213
35215
35217
35219
35221
35223
35225
35227
35229
35231
35233
35235
35237
35239
35241
35243
35245
35247
35249
35251
35253
35255
35257
35259
35261
35263
35265
35267
35269
35271
35273
35275
35277
35279
35281
35283
35285
35287
35289
35291
35293
35295
35297
35299
35301
35303
35305
35307
35309
35311
35313
35315
35317
35319
35321
35323
35325
35327
35329
35331
35333
35335
35337
35339
35341
35343
35345
35347
35349
35351
35353
35355
35357
35359
35361
35363
35365
35367
35369
35371
35373
35375
35377
35379
35381
35383
35385
35387
35389
35391
35393
35395
35397
35399
35401
35403
35405
35407
35409
35411
35413
35415
35417
35419
35421
35423
35425
35427
35429
35431
35433
35435
35437
35439
35441
35443
35445
35447
35449
35451
35453
35455
35457
35459
35461
35463
35465
35467
35469
35471
35473
35475
35477
35479
35481
35483
35485
35487
35489
35491
35493
35495
35497
35499
35501
35503
35505
35507
35509
35511
35513
35515
35517
35519
35521
35523
35525
35527
35529
35531
35533
35535
35537
35539
35541
35543
35545
35547
35549
35551
35553
35555
35557
35559
35561
35563
35565
35567
35569
35571
35573
35575
35577
35579
35581
35583
35585
35587
35589
35591
35593
35595
35597
35599
35601
35603
35605
35607
35609
35611
35613
35615
35617
35619
35621
35623
35625
35627
35629
35631
35633
35635
35637
35639
35641
35643
35645
35647
35649
35651
35653
35655
35657
35659
35661
35663
35665
35667
35669
35671
35673
35675
35677
35679
35681
35683
35685
35687
35689
35691
35693
35695
35697
35699
35701
35703
35705
35707
35709
35711
35713
35715
35717
35719
35721
35723
35725
35727
35729
35731
35733
35735
35737
35739
35741
35743
35745
35747
35749
35751
35753
35755
35757
35759
35761
35763
35765
35767
35769
35771
35773
35775
35777
35779
35781
35783
35785
35787
35789
35791
35793
35795
35797
35799
35801
35803
35805
35807
35809
35811
35813
35815
35817
35819
35821
35823
35825
35827
35829
35831
35833
35835
35837
35839
35841
35843
35845
35847
35849
35851
35853
35855
35857
35859
35861
35863
35865
35867
35869
35871
35873
35875
35877
35879
35881
35883
35885
35887
35889
35891
35893
35895
35897
35899
35901
35903
35905
35907
35909
35911
35913
35915
35917
35919
35921
35923
35925
35927
35929
35931
35933
35935
35937
35939
35941
35943
35945
35947
35949
35951
35953
35955
35957
35959
35961
35963
35965
35967
35969
35971
35973
35975
35977
35979
35981
35983
35985
35987
35989
35991
35993
35995
35997
35999
36001
36003
36005
36007
36009
36011
36013
36015
36017
36019
36021
36023
36025
36027
36029
36031
36033
36035
36037
36039
36041
36043
36045
36047
36049
36051
36053
36055
36057
36059
36061
36063
36065
36067
36069
36071
36073
36075
36077
36079
36081
36083
36085
36087
36089
36091
36093
36095
36097
36099
36101
36103
36105
36107
36109
36111
36113
36115
36117
36119
36121
36123
36125
36127
36129
36131
36133
36135
36137
36139
36141
36143
36145
36147
36149
36151
36153
36155
36157
36159
36161
36163
36165
36167
36169
36171
36173
36175
36177
36179
36181
36183
36185
36187
36189
36191
36193
36195
36197
36199
36201
36203
36205
36207
36209
36211
36213
36215
36217
36219
36221
36223
36225
36227
36229
36231
36233
36235
36237
36239
36241
36243
36245
36247
36249
36251
36253
36255
36257
36259
36261
36263
36265
36267
36269
36271
36273
36275
36277
36279
36281
36283
36285
36287
36289
36291
36293
36295
36297
36299
36301
36303
36305
36307
36309
36311
36313
36315
36317
36319
36321
36323
36325
36327
36329
36331
36333
36335
36337
36339
36341
36343
36345
36347
36349
36351
36353
36355
36357
36359
36361
36363
36365
36367
36369
36371
36373
36375
36377
36379
36381
36383
36385
36387
36389
36391
36393
36395
36397
36399
36401
36403
36405
36407
36409
36411
36413
36415
36417
36419
36421
36423
36425
36427
36429
36431
36433
36435
36437
36439
36441
36443
36445
36447
36449
36451
36453
36455
36457
36459
36461
36463
36465
36467
36469
36471
36473
36475
36477
36479
36481
36483
36485
36487
36489
36491
36493
36495
36497
36499
36501
36503
36505
36507
36509
36511
36513
36515
36517
36519
36521
36523
36525
36527
36529
36531
36533
36535
36537
36539
36541
36543
36545
36547
36549
36551
36553
36555
36557
36559
36561
36563
36565
36567
36569
36571
36573
36575
36577
36579
36581
36583
36585
36587
36589
36591
36593
36595
36597
36599
36601
36603
36605
36607
36609
36611
36613
36615
36617
36619
36621
36623
36625
36627
36629
36631
36633
36635
36637
36639
36641
36643
36645
36647
36649
36651
36653
36655
36657
36659
36661
36663
36665
36667
36669
36671
36673
36675
36677
36679
36681
36683
36685
36687
36689
36691
36693
36695
36697
36699
36701
36703
36705
36707
36709
36711
36713
36715
36717
36719
36721
36723
36725
36727
36729
36731
36733
36735
36737
36739
36741
36743
36745
36747
36749
36751
36753
36755
36757
36759
36761
36763
36765
36767
36769
36771
36773
36775
36777
36779
36781
36783
36785
36787
36789
36791
36793
36795
36797
36799
36801
36803
36805
36807
36809
36811
36813
36815
36817
36819
36821
36823
36825
36827
36829
36831
36833
36835
36837
36839
36841
36843
36845
36847
36849
36851
36853
36855
36857
36859
36861
36863
36865
36867
36869
36871
36873
36875
36877
36879
36881
36883
36885
36887
36889
36891
36893
36895
36897
36899
36901
36903
36905
36907
36909
36911
36913
36915
36917
36919
36921
36923
36925
36927
36929
36931
36933
36935
36937
36939
36941
36943
36945
36947
36949
36951
36953
36955
36957
36959
36961
36963
36965
36967
36969
36971
36973
36975
36977
36979
36981
36983
36985
36987
36989
36991
36993
36995
36997
36999
37001
37003
37005
37007
37009
37011
37013
37015
37017
37019
37021
37023
37025
37027
37029
37031
37033
37035
37037
37039
37041
37043
37045
37047
37049
37051
37053
37055
37057
37059
37061
37063
37065
37067
37069
37071
37073
37075
37077
37079
37081
37083
37085
37087
37089
37091
37093
37095
37097
37099
37101
37103
37105
37107
37109
37111
37113
37115
37117
37119
37121
37123
37125
37127
37129
37131
37133
37135
37137
37139
37141
37143
37145
37147
37149
37151
37153
37155
37157
37159
37161
37163
37165
37167
37169
37171
37173
37175
37177
37179
37181
37183
37185
37187
37189
37191
37193
37195
37197
37199
37201
37203
37205
37207
37209
37211
37213
37215
37217
37219
37221
37223
37225
37227
37229
37231
37233
37235
37237
37239
37241
37243
37245
37247
37249
37251
37253
37255
37257
37259
37261
37263
37265
37267
37269
37271
37273
37275
37277
37279
37281
37283
37285
37287
37289
37291
37293
37295
37297
37299
37301
37303
37305
37307
37309
37311
37313
37315
37317
37319
37321
37323
37325
37327
37329
37331
37333
37335
37337
37339
37341
37343
37345
37347
37349
37351
37353
37355
37357
37359
37361
37363
37365
37367
37369
37371
37373
37375
37377
37379
37381
37383
37385
37387
37389
37391
37393
37395
37397
37399
37401
37403
37405
37407
37409
37411
37413
37415
37417
37419
37421
37423
37425
37427
37429
37431
37433
37435
37437
37439
37441
37443
37445
37447
37449
37451
37453
37455
37457
37459
37461
37463
37465
37467
37469
37471
37473
37475
37477
37479
37481
37483
37485
37487
37489
37491
37493
37495
37497
37499
37501
37503
37505
37507
37509
37511
37513
37515
37517
37519
37521
37523
37525
37527
37529
37531
37533
37535
37537
37539
37541
37543
37545
37547
37549
37551
37553
37555
37557
37559
37561
37563
37565
37567
37569
37571
37573
37575
37577
37579
37581
37583
37585
37587
37589
37591
37593
37595
37597
37599
37601
37603
37605
37607
37609
37611
37613
37615
37617
37619
37621
37623
37625
37627
37629
37631
37633
37635
37637
37639
37641
37643
37645
37647
37649
37651
37653
37655
37657
37659
37661
37663
37665
37667
37669
37671
37673
37675
37677
37679
37681
37683
37685
37687
37689
37691
37693
37695
37697
37699
37701
37703
37705
37707
37709
37711
37713
37715
37717
37719
37721
37723
37725
37727
37729
37731
37733
37735
37737
37739
37741
37743
37745
37747
37749
37751
37753
37755
37757
37759
37761
37763
37765
37767
37769
37771
37773
37775
37777
37779
37781
37783
37785
37787
37789
37791
37793
37795
37797
37799
37801
37803
37805
37807
37809
37811
37813
37815
37817
37819
37821
37823
37825
37827
37829
37831
37833
37835
37837
37839
37841
37843
37845
37847
37849
37851
37853
37855
37857
37859
37861
37863
37865
37867
37869
37871
37873
37875
37877
37879
37881
37883
37885
37887
37889
37891
37893
37895
37897
37899
37901
37903
37905
37907
37909
37911
37913
37915
37917
37919
37921
37923
37925
37927
37929
37931
37933
37935
37937
37939
37941
37943
37945
37947
37949
37951
37953
37955
37957
37959
37961
37963
37965
37967
37969
37971
37973
37975
37977
37979
37981
37983
37985
37987
37989
37991
37993
37995
37997
37999
38001
38003
38005
38007
38009
38011
38013
38015
38017
38019
38021
38023
38025
38027
38029
38031
38033
38035
38037
38039
38041
38043
38045
38047
38049
38051
38053
38055
38057
38059
38061
38063
38065
38067
38069
38071
38073
38075
38077
38079
38081
38083
38085
38087
38089
38091
38093
38095
38097
38099
38101
38103
38105
38107
38109
38111
38113
38115
38117
38119
38121
38123
38125
38127
38129
38131
38133
38135
38137
38139
38141
38143
38145
38147
38149
38151
38153
38155
38157
38159
38161
38163
38165
38167
38169
38171
38173
38175
38177
38179
38181
38183
38185
38187
38189
38191
38193
38195
38197
38199
38201
38203
38205
38207
38209
38211
38213
38215
38217
38219
38221
38223
38225
38227
38229
38231
38233
38235
38237
38239
38241
38243
38245
38247
38249
38251
38253
38255
38257
38259
38261
38263
38265
38267
38269
38271
38273
38275
38277
38279
38281
38283
38285
38287
38289
38291
38293
38295
38297
38299
38301
38303
38305
38307
38309
38311
38313
38315
38317
38319
38321
38323
38325
38327
38329
38331
38333
38335
38337
38339
38341
38343
38345
38347
38349
38351
38353
38355
38357
38359
38361
38363
38365
38367
38369
38371
38373
38375
38377
38379
38381
38383
38385
38387
38389
38391
38393
38395
38397
38399
38401
38403
38405
38407
38409
38411
38413
38415
38417
38419
38421
38423
38425
38427
38429
38431
38433
38435
38437
38439
38441
38443
38445
38447
38449
38451
38453
38455
38457
38459
38461
38463
38465
38467
38469
38471
38473
38475
38477
38479
38481
38483
38485
38487
38489
38491
38493
38495
38497
38499
38501
38503
38505
38507
38509
38511
38513
38515
38517
38519
38521
38523
38525
38527
38529
38531
38533
38535
38537
38539
38541
38543
38545
38547
38549
38551
38553
38555
38557
38559
38561
38563
38565
38567
38569
38571
38573
38575
38577
38579
38581
38583
38585
38587
38589
38591
38593
38595
38597
38599
38601
38603
38605
38607
38609
38611
38613
38615
38617
38619
38621
38623
38625
38627
38629
38631
38633
38635
38637
38639
38641
38643
38645
38647
38649
38651
38653
38655
38657
38659
38661
38663
38665
38667
38669
38671
38673
38675
38677
38679
38681
38683
38685
38687
38689
38691
38693
38695
38697
38699
38701
38703
38705
38707
38709
38711
38713
38715
38717
38719
38721
38723
38725
38727
38729
38731
38733
38735
38737
38739
38741
38743
38745
38747
38749
38751
38753
38755
38757
38759
38761
38763
38765
38767
38769
38771
38773
38775
38777
38779
38781
38783
38785
38787
38789
38791
38793
38795
38797
38799
38801
38803
38805
38807
38809
38811
38813
38815
38817
38819
38821
38823
38825
38827
38829
38831
38833
38835
38837
38839
38841
38843
38845
38847
38849
38851
38853
38855
38857
38859
38861
38863
38865
38867
38869
38871
38873
38875
38877
38879
38881
38883
38885
38887
38889
38891
38893
38895
38897
38899
38901
38903
38905
38907
38909
38911
38913
38915
38917
38919
38921
38923
38925
38927
38929
38931
38933
38935
38937
38939
38941
38943
38945
38947
38949
38951
38953
38955
38957
38959
38961
38963
38965
38967
38969
38971
38973
38975
38977
38979
38981
38983
38985
38987
38989
38991
38993
38995
38997
38999
39001
39003
39005
39007
39009
39011
39013
39015
39017
39019
39021
39023
39025
39027
39029
39031
39033
39035
39037
39039
39041
39043
39045
39047
39049
39051
39053
39055
39057
39059
39061
39063
39065
39067
39069
39071
39073
39075
39077
39079
39081
39083
39085
39087
39089
39091
39093
39095
39097
39099
39101
39103
39105
39107
39109
39111
39113
39115
39117
39119
39121
39123
39125
39127
39129
39131
39133
39135
39137
39139
39141
39143
39145
39147
39149
39151
39153
39155
39157
39159
39161
39163
39165
39167
39169
39171
39173
39175
39177
39179
39181
39183
39185
39187
39189
39191
39193
39195
39197
39199
39201
39203
39205
39207
39209
39211
39213
39215
39217
39219
39221
39223
39225
39227
39229
39231
39233
39235
39237
39239
39241
39243
39245
39247
39249
39251
39253
39255
39257
39259
39261
39263
39265
39267
39269
39271
39273
39275
39277
39279
39281
39283
39285
39287
39289
39291
39293
39295
39297
39299
39301
39303
39305
39307
39309
39311
39313
39315
39317
39319
39321
39323
39325
39327
39329
39331
39333
39335
39337
39339
39341
39343
39345
39347
39349
39351
39353
39355
39357
39359
39361
39363
39365
39367
39369
39371
39373
39375
39377
39379
39381
39383
39385
39387
39389
39391
39393
39395
39397
39399
39401
39403
39405
39407
39409
39411
39413
39415
39417
39419
39421
39423
39425
39427
39429
39431
39433
39435
39437
39439
39441
39443
39445
39447
39449
39451
39453
39455
39457
39459
39461
39463
39465
39467
39469
39471
39473
39475
39477
39479
39481
39483
39485
39487
39489
39491
39493
39495
39497
39499
39501
39503
39505
39507
39509
39511
39513
39515
39517
39519
39521
39523
39525
39527
39529
39531
39533
39535
39537
39539
39541
39543
39545
39547
39549
39551
39553
39555
39557
39559
39561
39563
39565
39567
39569
39571
39573
39575
39577
39579
39581
39583
39585
39587
39589
39591
39593
39595
39597
39599
39601
39603
39605
39607
39609
39611
39613
39615
39617
39619
39621
39623
39625
39627
39629
39631
39633
39635
39637
39639
39641
39643
39645
39647
39649
39651
39653
39655
39657
39659
39661
39663
39665
39667
39669
39671
39673
39675
39677
39679
39681
39683
39685
39687
39689
39691
39693
39695
39697
39699
39701
39703
39705
39707
39709
39711
39713
39715
39717
39719
39721
39723
39725
39727
39729
39731
39733
39735
39737
39739
39741
39743
39745
39747
39749
39751
39753
39755
39757
39759
39761
39763
39765
39767
39769
39771
39773
39775
39777
39779
39781
39783
39785
39787
39789
39791
39793
39795
39797
39799
39801
39803
39805
39807
39809
39811
39813
39815
39817
39819
39821
39823
39825
39827
39829
39831
39833
39835
39837
39839
39841
39843
39845
39847
39849
39851
39853
39855
39857
39859
39861
39863
39865
39867
39869
39871
39873
39875
39877
39879
39881
39883
39885
39887
39889
39891
39893
39895
39897
39899
39901
39903
39905
39907
39909
39911
39913
39915
39917
39919
39921
39923
39925
39927
39929
39931
39933
39935
39937
39939
39941
39943
39945
39947
39949
39951
39953
39955
39957
39959
39961
39963
39965
39967
39969
39971
39973
39975
39977
39979
39981
39983
39985
39987
39989
39991
39993
39995
39997
39999
