40001
40003
40005
40007
40009
40011
40013
40015
40017
40019
40021
40023
40025
40027
40029
40031
40033
40035
40037
40039
40041
40043
40045
40047
40049
40051
40053
40055
40057
40059
40061
40063
40065
40067
40069
40071
40073
40075
40077
40079
40081
40083
40085
40087
40089
40091
40093
40095
40097
40099
40101
40103
40105
40107
40109
40111
40113
40115
40117
40119
40121
40123
40125
40127
40129
40131
40133
40135
40137
40139
40141
40143
40145
40147
40149
40151
40153
40155
40157
40159
40161
40163
40165
40167
40169
40171
40173
40175
40177
40179
40181
40183
40185
40187
40189
40191
40193
40195
40197
40199
40201
40203
40205
40207
40209
40211
40213
40215
40217
40219
40221
40223
40225
40227
40229
40231
40233
40235
40237
40239
40241
40243
40245
40247
40249
40251
40253
40255
40257
40259
40261
40263
40265
40267
40269
40271
40273
40275
40277
40279
40281
40283
40285
40287
40289
40291
40293
40295
40297
40299
40301
40303
40305
40307
40309
40311
40313
40315
40317
40319
40321
40323
40325
40327
40329
40331
40333
40335
40337
40339
40341
40343
40345
40347
40349
40351
40353
40355
40357
40359
40361
40363
40365
40367
40369
40371
40373
40375
40377
40379
40381
40383
40385
40387
40389
40391
40393
40395
40397
40399
40401
40403
40405
40407
40409
40411
40413
40415
40417
40419
40421
40423
40425
40427
40429
40431
40433
40435
40437
40439
40441
40443
40445
40447
40449
40451
40453
40455
40457
40459
40461
40463
40465
40467
40469
40471
40473
40475
40477
40479
40481
40483
40485
40487
40489
40491
40493
40495
40497
40499
40501
40503
40505
40507
40509
40511
40513
40515
40517
40519
40521
40523
40525
40527
40529
40531
40533
40535
40537
40539
40541
40543
40545
40547
40549
40551
40553
40555
40557
40559
40561
40563
40565
40567
40569
40571
40573
40575
40577
40579
40581
40583
40585
40587
40589
40591
40593
40595
40597
40599
40601
40603
40605
40607
40609
40611
40613
40615
40617
40619
40621
40623
40625
40627
40629
40631
40633
40635
40637
40639
40641
40643
40645
40647
40649
40651
40653
40655
40657
40659
40661
40663
40665
40667
40669
40671
40673
40675
40677
40679
40681
40683
40685
40687
40689
40691
40693
40695
40697
40699
40701
40703
40705
40707
40709
40711
40713
40715
40717
40719
40721
40723
40725
40727
40729
40731
40733
40735
40737
40739
40741
40743
40745
40747
40749
40751
40753
40755
40757
40759
40761
40763
40765
40767
40769
40771
40773
40775
40777
40779
40781
40783
40785
40787
40789
40791
40793
40795
40797
40799
40801
40803
40805
40807
40809
40811
40813
40815
40817
40819
40821
40823
40825
40827
40829
40831
40833
40835
40837
40839
40841
40843
40845
40847
40849
40851
40853
40855
40857
40859
40861
40863
40865
40867
40869
40871
40873
40875
40877
40879
40881
40883
40885
40887
40889
40891
40893
40895
40897
40899
40901
40903
40905
40907
40909
40911
40913
40915
40917
40919
40921
40923
40925
40927
40929
40931
40933
40935
40937
40939
40941
40943
40945
40947
40949
40951
40953
40955
40957
40959
40961
40963
40965
40967
40969
40971
40973
40975
40977
40979
40981
40983
40985
40987
40989
40991
40993
40995
40997
40999
41001
41003
41005
41007
41009
41011
41013
41015
41017
41019
41021
41023
41025
41027
41029
41031
41033
41035
41037
41039
41041
41043
41045
41047
41049
41051
41053
41055
41057
41059
41061
41063
41065
41067
41069
41071
41073
41075
41077
41079
41081
41083
41085
41087
41089
41091
41093
41095
41097
41099
41101
41103
41105
41107
41109
41111
41113
41115
41117
41119
41121
41123
41125
41127
41129
41131
41133
41135
41137
41139
41141
41143
41145
41147
41149
41151
41153
41155
41157
41159
41161
41163
41165
41167
41169
41171
41173
41175
41177
41179
41181
41183
41185
41187
41189
41191
41193
41195
41197
41199
41201
41203
41205
41207
41209
41211
41213
41215
41217
41219
41221
41223
41225
41227
41229
41231
41233
41235
41237
41239
41241
41243
41245
41247
41249
41251
41253
41255
41257
41259
41261
41263
41265
41267
41269
41271
41273
41275
41277
41279
41281
41283
41285
41287
41289
41291
41293
41295
41297
41299
41301
41303
41305
41307
41309
41311
41313
41315
41317
41319
41321
41323
41325
41327
41329
41331
41333
41335
41337
41339
41341
41343
41345
41347
41349
41351
41353
41355
41357
41359
41361
41363
41365
41367
41369
41371
41373
41375
41377
41379
41381
41383
41385
41387
41389
41391
41393
41395
41397
41399
41401
41403
41405
41407
41409
41411
41413
41415
41417
41419
41421
41423
41425
41427
41429
41431
41433
41435
41437
41439
41441
41443
41445
41447
41449
41451
41453
41455
41457
41459
41461
41463
41465
41467
41469
41471
41473
41475
41477
41479
41481
41483
41485
41487
41489
41491
41493
41495
41497
41499
41501
41503
41505
41507
41509
41511
41513
41515
41517
41519
41521
41523
41525
41527
41529
41531
41533
41535
41537
41539
41541
41543
41545
41547
41549
41551
41553
41555
41557
41559
41561
41563
41565
41567
41569
41571
41573
41575
41577
41579
41581
41583
41585
41587
41589
41591
41593
41595
41597
41599
41601
41603
41605
41607
41609
41611
41613
41615
41617
41619
41621
41623
41625
41627
41629
41631
41633
41635
41637
41639
41641
41643
41645
41647
41649
41651
41653
41655
41657
41659
41661
41663
41665
41667
41669
41671
41673
41675
41677
41679
41681
41683
41685
41687
41689
41691
41693
41695
41697
41699
41701
41703
41705
41707
41709
41711
41713
41715
41717
41719
41721
41723
41725
41727
41729
41731
41733
41735
41737
41739
41741
41743
41745
41747
41749
41751
41753
41755
41757
41759
41761
41763
41765
41767
41769
41771
41773
41775
41777
41779
41781
41783
41785
41787
41789
41791
41793
41795
41797
41799
41801
41803
41805
41807
41809
41811
41813
41815
41817
41819
41821
41823
41825
41827
41829
41831
41833
41835
41837
41839
41841
41843
41845
41847
41849
41851
41853
41855
41857
41859
41861
41863
41865
41867
41869
41871
41873
41875
41877
41879
41881
41883
41885
41887
41889
41891
41893
41895
41897
41899
41901
41903
41905
41907
41909
41911
41913
41915
41917
41919
41921
41923
41925
41927
41929
41931
41933
41935
41937
41939
41941
41943
41945
41947
41949
41951
41953
41955
41957
41959
41961
41963
41965
41967
41969
41971
41973
41975
41977
41979
41981
41983
41985
41987
41989
41991
41993
41995
41997
41999
42001
42003
42005
42007
42009
42011
42013
42015
42017
42019
42021
42023
42025
42027
42029
42031
42033
42035
42037
42039
42041
42043
42045
42047
42049
42051
42053
42055
42057
42059
42061
42063
42065
42067
42069
42071
42073
42075
42077
42079
42081
42083
42085
42087
42089
42091
42093
42095
42097
42099
42101
42103
42105
42107
42109
42111
42113
42115
42117
42119
42121
42123
42125
42127
42129
42131
42133
42135
42137
42139
42141
42143
42145
42147
42149
42151
42153
42155
42157
42159
42161
42163
42165
42167
42169
42171
42173
42175
42177
42179
42181
42183
42185
42187
42189
42191
42193
42195
42197
42199
42201
42203
42205
42207
42209
42211
42213
42215
42217
42219
42221
42223
42225
42227
42229
42231
42233
42235
42237
42239
42241
42243
42245
42247
42249
42251
42253
42255
42257
42259
42261
42263
42265
42267
42269
42271
42273
42275
42277
42279
42281
42283
42285
42287
42289
42291
42293
42295
42297
42299
42301
42303
42305
42307
42309
42311
42313
42315
42317
42319
42321
42323
42325
42327
42329
42331
42333
42335
42337
42339
42341
42343
42345
42347
42349
42351
42353
42355
42357
42359
42361
42363
42365
42367
42369
42371
42373
42375
42377
42379
42381
42383
42385
42387
42389
42391
42393
42395
42397
42399
42401
42403
42405
42407
42409
42411
42413
42415
42417
42419
42421
42423
42425
42427
42429
42431
42433
42435
42437
42439
42441
42443
42445
42447
42449
42451
42453
42455
42457
42459
42461
42463
42465
42467
42469
42471
42473
42475
42477
42479
42481
42483
42485
42487
42489
42491
42493
42495
42497
42499
42501
42503
42505
42507
42509
42511
42513
42515
42517
42519
42521
42523
42525
42527
42529
42531
42533
42535
42537
42539
42541
42543
42545
42547
42549
42551
42553
42555
42557
42559
42561
42563
42565
42567
42569
42571
42573
42575
42577
42579
42581
42583
42585
42587
42589
42591
42593
42595
42597
42599
42601
42603
42605
42607
42609
42611
42613
42615
42617
42619
42621
42623
42625
42627
42629
42631
42633
42635
42637
42639
42641
42643
42645
42647
42649
42651
42653
42655
42657
42659
42661
42663
42665
42667
42669
42671
42673
42675
42677
42679
42681
42683
42685
42687
42689
42691
42693
42695
42697
42699
42701
42703
42705
42707
42709
42711
42713
42715
42717
42719
42721
42723
42725
42727
42729
42731
42733
42735
42737
42739
42741
42743
42745
42747
42749
42751
42753
42755
42757
42759
42761
42763
42765
42767
42769
42771
42773
42775
42777
42779
42781
42783
42785
42787
42789
42791
42793
42795
42797
42799
42801
42803
42805
42807
42809
42811
42813
42815
42817
42819
42821
42823
42825
42827
42829
42831
42833
42835
42837
42839
42841
42843
42845
42847
42849
42851
42853
42855
42857
42859
42861
42863
42865
42867
42869
42871
42873
42875
42877
42879
42881
42883
42885
42887
42889
42891
42893
42895
42897
42899
42901
42903
42905
42907
42909
42911
42913
42915
42917
42919
42921
42923
42925
42927
42929
42931
42933
42935
42937
42939
42941
42943
42945
42947
42949
42951
42953
42955
42957
42959
42961
42963
42965
42967
42969
42971
42973
42975
42977
42979
42981
42983
42985
42987
42989
42991
42993
42995
42997
42999
43001
43003
43005
43007
43009
43011
43013
43015
43017
43019
43021
43023
43025
43027
43029
43031
43033
43035
43037
43039
43041
43043
43045
43047
43049
43051
43053
43055
43057
43059
43061
43063
43065
43067
43069
43071
43073
43075
43077
43079
43081
43083
43085
43087
43089
43091
43093
43095
43097
43099
43101
43103
43105
43107
43109
43111
43113
43115
43117
43119
43121
43123
43125
43127
43129
43131
43133
43135
43137
43139
43141
43143
43145
43147
43149
43151
43153
43155
43157
43159
43161
43163
43165
43167
43169
43171
43173
43175
43177
43179
43181
43183
43185
43187
43189
43191
43193
43195
43197
43199
43201
43203
43205
43207
43209
43211
43213
43215
43217
43219
43221
43223
43225
43227
43229
43231
43233
43235
43237
43239
43241
43243
43245
43247
43249
43251
43253
43255
43257
43259
43261
43263
43265
43267
43269
43271
43273
43275
43277
43279
43281
43283
43285
43287
43289
43291
43293
43295
43297
43299
43301
43303
43305
43307
43309
43311
43313
43315
43317
43319
43321
43323
43325
43327
43329
43331
43333
43335
43337
43339
43341
43343
43345
43347
43349
43351
43353
43355
43357
43359
43361
43363
43365
43367
43369
43371
43373
43375
43377
43379
43381
43383
43385
43387
43389
43391
43393
43395
43397
43399
43401
43403
43405
43407
43409
43411
43413
43415
43417
43419
43421
43423
43425
43427
43429
43431
43433
43435
43437
43439
43441
43443
43445
43447
43449
43451
43453
43455
43457
43459
43461
43463
43465
43467
43469
43471
43473
43475
43477
43479
43481
43483
43485
43487
43489
43491
43493
43495
43497
43499
43501
43503
43505
43507
43509
43511
43513
43515
43517
43519
43521
43523
43525
43527
43529
43531
43533
43535
43537
43539
43541
43543
43545
43547
43549
43551
43553
43555
43557
43559
43561
43563
43565
43567
43569
43571
43573
43575
43577
43579
43581
43583
43585
43587
43589
43591
43593
43595
43597
43599
43601
43603
43605
43607
43609
43611
43613
43615
43617
43619
43621
43623
43625
43627
43629
43631
43633
43635
43637
43639
43641
43643
43645
43647
43649
43651
43653
43655
43657
43659
43661
43663
43665
43667
43669
43671
43673
43675
43677
43679
43681
43683
43685
43687
43689
43691
43693
43695
43697
43699
43701
43703
43705
43707
43709
43711
43713
43715
43717
43719
43721
43723
43725
43727
43729
43731
43733
43735
43737
43739
43741
43743
43745
43747
43749
43751
43753
43755
43757
43759
43761
43763
43765
43767
43769
43771
43773
43775
43777
43779
43781
43783
43785
43787
43789
43791
43793
43795
43797
43799
43801
43803
43805
43807
43809
43811
43813
43815
43817
43819
43821
43823
43825
43827
43829
43831
43833
43835
43837
43839
43841
43843
43845
43847
43849
43851
43853
43855
43857
43859
43861
43863
43865
43867
43869
43871
43873
43875
43877
43879
43881
43883
43885
43887
43889
43891
43893
43895
43897
43899
43901
43903
43905
43907
43909
43911
43913
43915
43917
43919
43921
43923
43925
43927
43929
43931
43933
43935
43937
43939
43941
43943
43945
43947
43949
43951
43953
43955
43957
43959
43961
43963
43965
43967
43969
43971
43973
43975
43977
43979
43981
43983
43985
43987
43989
43991
43993
43995
43997
43999
44001
44003
44005
44007
44009
44011
44013
44015
44017
44019
44021
44023
44025
44027
44029
44031
44033
44035
44037
44039
44041
44043
44045
44047
44049
44051
44053
44055
44057
44059
44061
44063
44065
44067
44069
44071
44073
44075
44077
44079
44081
44083
44085
44087
44089
44091
44093
44095
44097
44099
44101
44103
44105
44107
44109
44111
44113
44115
44117
44119
44121
44123
44125
44127
44129
44131
44133
44135
44137
44139
44141
44143
44145
44147
44149
44151
44153
44155
44157
44159
44161
44163
44165
44167
44169
44171
44173
44175
44177
44179
44181
44183
44185
44187
44189
44191
44193
44195
44197
44199
44201
44203
44205
44207
44209
44211
44213
44215
44217
44219
44221
44223
44225
44227
44229
44231
44233
44235
44237
44239
44241
44243
44245
44247
44249
44251
44253
44255
44257
44259
44261
44263
44265
44267
44269
44271
44273
44275
44277
44279
44281
44283
44285
44287
44289
44291
44293
44295
44297
44299
44301
44303
44305
44307
44309
44311
44313
44315
44317
44319
44321
44323
44325
44327
44329
44331
44333
44335
44337
44339
44341
44343
44345
44347
44349
44351
44353
44355
44357
44359
44361
44363
44365
44367
44369
44371
44373
44375
44377
44379
44381
44383
44385
44387
44389
44391
44393
44395
44397
44399
44401
44403
44405
44407
44409
44411
44413
44415
44417
44419
44421
44423
44425
44427
44429
44431
44433
44435
44437
44439
44441
44443
44445
44447
44449
44451
44453
44455
44457
44459
44461
44463
44465
44467
44469
44471
44473
44475
44477
44479
44481
44483
44485
44487
44489
44491
44493
44495
44497
44499
44501
44503
44505
44507
44509
44511
44513
44515
44517
44519
44521
44523
44525
44527
44529
44531
44533
44535
44537
44539
44541
44543
44545
44547
44549
44551
44553
44555
44557
44559
44561
44563
44565
44567
44569
44571
44573
44575
44577
44579
44581
44583
44585
44587
44589
44591
44593
44595
44597
44599
44601
44603
44605
44607
44609
44611
44613
44615
44617
44619
44621
44623
44625
44627
44629
44631
44633
44635
44637
44639
44641
44643
44645
44647
44649
44651
44653
44655
44657
44659
44661
44663
44665
44667
44669
44671
44673
44675
44677
44679
44681
44683
44685
44687
44689
44691
44693
44695
44697
44699
44701
44703
44705
44707
44709
44711
44713
44715
44717
44719
44721
44723
44725
44727
44729
44731
44733
44735
44737
44739
44741
44743
44745
44747
44749
44751
44753
44755
44757
44759
44761
44763
44765
44767
44769
44771
44773
44775
44777
44779
44781
44783
44785
44787
44789
44791
44793
44795
44797
44799
44801
44803
44805
44807
44809
44811
44813
44815
44817
44819
44821
44823
44825
44827
44829
44831
44833
44835
44837
44839
44841
44843
44845
44847
44849
44851
44853
44855
44857
44859
44861
44863
44865
44867
44869
44871
44873
44875
44877
44879
44881
44883
44885
44887
44889
44891
44893
44895
44897
44899
44901
44903
44905
44907
44909
44911
44913
44915
44917
44919
44921
44923
44925
44927
44929
44931
44933
44935
44937
44939
44941
44943
44945
44947
44949
44951
44953
44955
44957
44959
44961
44963
44965
44967
44969
44971
44973
44975
44977
44979
44981
44983
44985
44987
44989
44991
44993
44995
44997
44999
45001
45003
45005
45007
45009
45011
45013
45015
45017
45019
45021
45023
45025
45027
45029
45031
45033
45035
45037
45039
45041
45043
45045
45047
45049
45051
45053
45055
45057
45059
45061
45063
45065
45067
45069
45071
45073
45075
45077
45079
45081
45083
45085
45087
45089
45091
45093
45095
45097
45099
45101
45103
45105
45107
45109
45111
45113
45115
45117
45119
45121
45123
45125
45127
45129
45131
45133
45135
45137
45139
45141
45143
45145
45147
45149
45151
45153
45155
45157
45159
45161
45163
45165
45167
45169
45171
45173
45175
45177
45179
45181
45183
45185
45187
45189
45191
45193
45195
45197
45199
45201
45203
45205
45207
45209
45211
45213
45215
45217
45219
45221
45223
45225
45227
45229
45231
45233
45235
45237
45239
45241
45243
45245
45247
45249
45251
45253
45255
45257
45259
45261
45263
45265
45267
45269
45271
45273
45275
45277
45279
45281
45283
45285
45287
45289
45291
45293
45295
45297
45299
45301
45303
45305
45307
45309
45311
45313
45315
45317
45319
45321
45323
45325
45327
45329
45331
45333
45335
45337
45339
45341
45343
45345
45347
45349
45351
45353
45355
45357
45359
45361
45363
45365
45367
45369
45371
45373
45375
45377
45379
45381
45383
45385
45387
45389
45391
45393
45395
45397
45399
45401
45403
45405
45407
45409
45411
45413
45415
45417
45419
45421
45423
45425
45427
45429
45431
45433
45435
45437
45439
45441
45443
45445
45447
45449
45451
45453
45455
45457
45459
45461
45463
45465
45467
45469
45471
45473
45475
45477
45479
45481
45483
45485
45487
45489
45491
45493
45495
45497
45499
45501
45503
45505
45507
45509
45511
45513
45515
45517
45519
45521
45523
45525
45527
45529
45531
45533
45535
45537
45539
45541
45543
45545
45547
45549
45551
45553
45555
45557
45559
45561
45563
45565
45567
45569
45571
45573
45575
45577
45579
45581
45583
45585
45587
45589
45591
45593
45595
45597
45599
45601
45603
45605
45607
45609
45611
45613
45615
45617
45619
45621
45623
45625
45627
45629
45631
45633
45635
45637
45639
45641
45643
45645
45647
45649
45651
45653
45655
45657
45659
45661
45663
45665
45667
45669
45671
45673
45675
45677
45679
45681
45683
45685
45687
45689
45691
45693
45695
45697
45699
45701
45703
45705
45707
45709
45711
45713
45715
45717
45719
45721
45723
45725
45727
45729
45731
45733
45735
45737
45739
45741
45743
45745
45747
45749
45751
45753
45755
45757
45759
45761
45763
45765
45767
45769
45771
45773
45775
45777
45779
45781
45783
45785
45787
45789
45791
45793
45795
45797
45799
45801
45803
45805
45807
45809
45811
45813
45815
45817
45819
45821
45823
45825
45827
45829
45831
45833
45835
45837
45839
45841
45843
45845
45847
45849
45851
45853
45855
45857
45859
45861
45863
45865
45867
45869
45871
45873
45875
45877
45879
45881
45883
45885
45887
45889
45891
45893
45895
45897
45899
45901
45903
45905
45907
45909
45911
45913
45915
45917
45919
45921
45923
45925
45927
45929
45931
45933
45935
45937
45939
45941
45943
45945
45947
45949
45951
45953
45955
45957
45959
45961
45963
45965
45967
45969
45971
45973
45975
45977
45979
45981
45983
45985
45987
45989
45991
45993
45995
45997
45999
46001
46003
46005
46007
46009
46011
46013
46015
46017
46019
46021
46023
46025
46027
46029
46031
46033
46035
46037
46039
46041
46043
46045
46047
46049
46051
46053
46055
46057
46059
46061
46063
46065
46067
46069
46071
46073
46075
46077
46079
46081
46083
46085
46087
46089
46091
46093
46095
46097
46099
46101
46103
46105
46107
46109
46111
46113
46115
46117
46119
46121
46123
46125
46127
46129
46131
46133
46135
46137
46139
46141
46143
46145
46147
46149
46151
46153
46155
46157
46159
46161
46163
46165
46167
46169
46171
46173
46175
46177
46179
46181
46183
46185
46187
46189
46191
46193
46195
46197
46199
46201
46203
46205
46207
46209
46211
46213
46215
46217
46219
46221
46223
46225
46227
46229
46231
46233
46235
46237
46239
46241
46243
46245
46247
46249
46251
46253
46255
46257
46259
46261
46263
46265
46267
46269
46271
46273
46275
46277
46279
46281
46283
46285
46287
46289
46291
46293
46295
46297
46299
46301
46303
46305
46307
46309
46311
46313
46315
46317
46319
46321
46323
46325
46327
46329
46331
46333
46335
46337
46339
46341
46343
46345
46347
46349
46351
46353
46355
46357
46359
46361
46363
46365
46367
46369
46371
46373
46375
46377
46379
46381
46383
46385
46387
46389
46391
46393
46395
46397
46399
46401
46403
46405
46407
46409
46411
46413
46415
46417
46419
46421
46423
46425
46427
46429
46431
46433
46435
46437
46439
46441
46443
46445
46447
46449
46451
46453
46455
46457
46459
46461
46463
46465
46467
46469
46471
46473
46475
46477
46479
46481
46483
46485
46487
46489
46491
46493
46495
46497
46499
46501
46503
46505
46507
46509
46511
46513
46515
46517
46519
46521
46523
46525
46527
46529
46531
46533
46535
46537
46539
46541
46543
46545
46547
46549
46551
46553
46555
46557
46559
46561
46563
46565
46567
46569
46571
46573
46575
46577
46579
46581
46583
46585
46587
46589
46591
46593
46595
46597
46599
46601
46603
46605
46607
46609
46611
46613
46615
46617
46619
46621
46623
46625
46627
46629
46631
46633
46635
46637
46639
46641
46643
46645
46647
46649
46651
46653
46655
46657
46659
46661
46663
46665
46667
46669
46671
46673
46675
46677
46679
46681
46683
46685
46687
46689
46691
46693
46695
46697
46699
46701
46703
46705
46707
46709
46711
46713
46715
46717
46719
46721
46723
46725
46727
46729
46731
46733
46735
46737
46739
46741
46743
46745
46747
46749
46751
46753
46755
46757
46759
46761
46763
46765
46767
46769
46771
46773
46775
46777
46779
46781
46783
46785
46787
46789
46791
46793
46795
46797
46799
46801
46803
46805
46807
46809
46811
46813
46815
46817
46819
46821
46823
46825
46827
46829
46831
46833
46835
46837
46839
46841
46843
46845
46847
46849
46851
46853
46855
46857
46859
46861
46863
46865
46867
46869
46871
46873
46875
46877
46879
46881
46883
46885
46887
46889
46891
46893
46895
46897
46899
46901
46903
46905
46907
46909
46911
46913
46915
46917
46919
46921
46923
46925
46927
46929
46931
46933
46935
46937
46939
46941
46943
46945
46947
46949
46951
46953
46955
46957
46959
46961
46963
46965
46967
46969
46971
46973
46975
46977
46979
46981
46983
46985
46987
46989
46991
46993
46995
46997
46999
47001
47003
47005
47007
47009
47011
47013
47015
47017
47019
47021
47023
47025
47027
47029
47031
47033
47035
47037
47039
47041
47043
47045
47047
47049
47051
47053
47055
47057
47059
47061
47063
47065
47067
47069
47071
47073
47075
47077
47079
47081
47083
47085
47087
47089
47091
47093
47095
47097
47099
47101
47103
47105
47107
47109
47111
47113
47115
47117
47119
47121
47123
47125
47127
47129
47131
47133
47135
47137
47139
47141
47143
47145
47147
47149
47151
47153
47155
47157
47159
47161
47163
47165
47167
47169
47171
47173
47175
47177
47179
47181
47183
47185
47187
47189
47191
47193
47195
47197
47199
47201
47203
47205
47207
47209
47211
47213
47215
47217
47219
47221
47223
47225
47227
47229
47231
47233
47235
47237
47239
47241
47243
47245
47247
47249
47251
47253
47255
47257
47259
47261
47263
47265
47267
47269
47271
47273
47275
47277
47279
47281
47283
47285
47287
47289
47291
47293
47295
47297
47299
47301
47303
47305
47307
47309
47311
47313
47315
47317
47319
47321
47323
47325
47327
47329
47331
47333
47335
47337
47339
47341
47343
47345
47347
47349
47351
47353
47355
47357
47359
47361
47363
47365
47367
47369
47371
47373
47375
47377
47379
47381
47383
47385
47387
47389
47391
47393
47395
47397
47399
47401
47403
47405
47407
47409
47411
47413
47415
47417
47419
47421
47423
47425
47427
47429
47431
47433
47435
47437
47439
47441
47443
47445
47447
47449
47451
47453
47455
47457
47459
47461
47463
47465
47467
47469
47471
47473
47475
47477
47479
47481
47483
47485
47487
47489
47491
47493
47495
47497
47499
47501
47503
47505
47507
47509
47511
47513
47515
47517
47519
47521
47523
47525
47527
47529
47531
47533
47535
47537
47539
47541
47543
47545
47547
47549
47551
47553
47555
47557
47559
47561
47563
47565
47567
47569
47571
47573
47575
47577
47579
47581
47583
47585
47587
47589
47591
47593
47595
47597
47599
47601
47603
47605
47607
47609
47611
47613
47615
47617
47619
47621
47623
47625
47627
47629
47631
47633
47635
47637
47639
47641
47643
47645
47647
47649
47651
47653
47655
47657
47659
47661
47663
47665
47667
47669
47671
47673
47675
47677
47679
47681
47683
47685
47687
47689
47691
47693
47695
47697
47699
47701
47703
47705
47707
47709
47711
47713
47715
47717
47719
47721
47723
47725
47727
47729
47731
47733
47735
47737
47739
47741
47743
47745
47747
47749
47751
47753
47755
47757
47759
47761
47763
47765
47767
47769
47771
47773
47775
47777
47779
47781
47783
47785
47787
47789
47791
47793
47795
47797
47799
47801
47803
47805
47807
47809
47811
47813
47815
47817
47819
47821
47823
47825
47827
47829
47831
47833
47835
47837
47839
47841
47843
47845
47847
47849
47851
47853
47855
47857
47859
47861
47863
47865
47867
47869
47871
47873
47875
47877
47879
47881
47883
47885
47887
47889
47891
47893
47895
47897
47899
47901
47903
47905
47907
47909
47911
47913
47915
47917
47919
47921
47923
47925
47927
47929
47931
47933
47935
47937
47939
47941
47943
47945
47947
47949
47951
47953
47955
47957
47959
47961
47963
47965
47967
47969
47971
47973
47975
47977
47979
47981
47983
47985
47987
47989
47991
47993
47995
47997
47999
48001
48003
48005
48007
48009
48011
48013
48015
48017
48019
48021
48023
48025
48027
48029
48031
48033
48035
48037
48039
48041
48043
48045
48047
48049
48051
48053
48055
48057
48059
48061
48063
48065
48067
48069
48071
48073
48075
48077
48079
48081
48083
48085
48087
48089
48091
48093
48095
48097
48099
48101
48103
48105
48107
48109
48111
48113
48115
48117
48119
48121
48123
48125
48127
48129
48131
48133
48135
48137
48139
48141
48143
48145
48147
48149
48151
48153
48155
48157
48159
48161
48163
48165
48167
48169
48171
48173
48175
48177
48179
48181
48183
48185
48187
48189
48191
48193
48195
48197
48199
48201
48203
48205
48207
48209
48211
48213
48215
48217
48219
48221
48223
48225
48227
48229
48231
48233
48235
48237
48239
48241
48243
48245
48247
48249
48251
48253
48255
48257
48259
48261
48263
48265
48267
48269
48271
48273
48275
48277
48279
48281
48283
48285
48287
48289
48291
48293
48295
48297
48299
48301
48303
48305
48307
48309
48311
48313
48315
48317
48319
48321
48323
48325
48327
48329
48331
48333
48335
48337
48339
48341
48343
48345
48347
48349
48351
48353
48355
48357
48359
48361
48363
48365
48367
48369
48371
48373
48375
48377
48379
48381
48383
48385
48387
48389
48391
48393
48395
48397
48399
48401
48403
48405
48407
48409
48411
48413
48415
48417
48419
48421
48423
48425
48427
48429
48431
48433
48435
48437
48439
48441
48443
48445
48447
48449
48451
48453
48455
48457
48459
48461
48463
48465
48467
48469
48471
48473
48475
48477
48479
48481
48483
48485
48487
48489
48491
48493
48495
48497
48499
48501
48503
48505
48507
48509
48511
48513
48515
48517
48519
48521
48523
48525
48527
48529
48531
48533
48535
48537
48539
48541
48543
48545
48547
48549
48551
48553
48555
48557
48559
48561
48563
48565
48567
48569
48571
48573
48575
48577
48579
48581
48583
48585
48587
48589
48591
48593
48595
48597
48599
48601
48603
48605
48607
48609
48611
48613
48615
48617
48619
48621
48623
48625
48627
48629
48631
48633
48635
48637
48639
48641
48643
48645
48647
48649
48651
48653
48655
48657
48659
48661
48663
48665
48667
48669
48671
48673
48675
48677
48679
48681
48683
48685
48687
48689
48691
48693
48695
48697
48699
48701
48703
48705
48707
48709
48711
48713
48715
48717
48719
48721
48723
48725
48727
48729
48731
48733
48735
48737
48739
48741
48743
48745
48747
48749
48751
48753
48755
48757
48759
48761
48763
48765
48767
48769
48771
48773
48775
48777
48779
48781
48783
48785
48787
48789
48791
48793
48795
48797
48799
48801
48803
48805
48807
48809
48811
48813
48815
48817
48819
48821
48823
48825
48827
48829
48831
48833
48835
48837
48839
48841
48843
48845
48847
48849
48851
48853
48855
48857
48859
48861
48863
48865
48867
48869
48871
48873
48875
48877
48879
48881
48883
48885
48887
48889
48891
48893
48895
48897
48899
48901
48903
48905
48907
48909
48911
48913
48915
48917
48919
48921
48923
48925
48927
48929
48931
48933
48935
48937
48939
48941
48943
48945
48947
48949
48951
48953
48955
48957
48959
48961
48963
48965
48967
48969
48971
48973
48975
48977
48979
48981
48983
48985
48987
48989
48991
48993
48995
48997
48999
49001
49003
49005
49007
49009
49011
49013
49015
49017
49019
49021
49023
49025
49027
49029
49031
49033
49035
49037
49039
49041
49043
49045
49047
49049
49051
49053
49055
49057
49059
49061
49063
49065
49067
49069
49071
49073
49075
49077
49079
49081
49083
49085
49087
49089
49091
49093
49095
49097
49099
49101
49103
49105
49107
49109
49111
49113
49115
49117
49119
49121
49123
49125
49127
49129
49131
49133
49135
49137
49139
49141
49143
49145
49147
49149
49151
49153
49155
49157
49159
49161
49163
49165
49167
49169
49171
49173
49175
49177
49179
49181
49183
49185
49187
49189
49191
49193
49195
49197
49199
49201
49203
49205
49207
49209
49211
49213
49215
49217
49219
49221
49223
49225
49227
49229
49231
49233
49235
49237
49239
49241
49243
49245
49247
49249
49251
49253
49255
49257
49259
49261
49263
49265
49267
49269
49271
49273
49275
49277
49279
49281
49283
49285
49287
49289
49291
49293
49295
49297
49299
49301
49303
49305
49307
49309
49311
49313
49315
49317
49319
49321
49323
49325
49327
49329
49331
49333
49335
49337
49339
49341
49343
49345
49347
49349
49351
49353
49355
49357
49359
49361
49363
49365
49367
49369
49371
49373
49375
49377
49379
49381
49383
49385
49387
49389
49391
49393
49395
49397
49399
49401
49403
49405
49407
49409
49411
49413
49415
49417
49419
49421
49423
49425
49427
49429
49431
49433
49435
49437
49439
49441
49443
49445
49447
49449
49451
49453
49455
49457
49459
49461
49463
49465
49467
49469
49471
49473
49475
49477
49479
49481
49483
49485
49487
49489
49491
49493
49495
49497
49499
49501
49503
49505
49507
49509
49511
49513
49515
49517
49519
49521
49523
49525
49527
49529
49531
49533
49535
49537
49539
49541
49543
49545
49547
49549
49551
49553
49555
49557
49559
49561
49563
49565
49567
49569
49571
49573
49575
49577
49579
49581
49583
49585
49587
49589
49591
49593
49595
49597
49599
49601
49603
49605
49607
49609
49611
49613
49615
49617
49619
49621
49623
49625
49627
49629
49631
49633
49635
49637
49639
49641
49643
49645
49647
49649
49651
49653
49655
49657
49659
49661
49663
49665
49667
49669
49671
49673
49675
49677
49679
49681
49683
49685
49687
49689
49691
49693
49695
49697
49699
49701
49703
49705
49707
49709
49711
49713
49715
49717
49719
49721
49723
49725
49727
49729
49731
49733
49735
49737
49739
49741
49743
49745
49747
49749
49751
49753
49755
49757
49759
49761
49763
49765
49767
49769
49771
49773
49775
49777
49779
49781
49783
49785
49787
49789
49791
49793
49795
49797
49799
49801
49803
49805
49807
49809
49811
49813
49815
49817
49819
49821
49823
49825
49827
49829
49831
49833
49835
49837
49839
49841
49843
49845
49847
49849
49851
49853
49855
49857
49859
49861
49863
49865
49867
49869
49871
49873
49875
49877
49879
49881
49883
49885
49887
49889
49891
49893
49895
49897
49899
49901
49903
49905
49907
49909
49911
49913
49915
49917
49919
49921
49923
49925
49927
49929
49931
49933
49935
49937
49939
49941
49943
49945
49947
49949
49951
49953
49955
49957
49959
49961
49963
49965
49967
49969
49971
49973
49975
49977
49979
49981
49983
49985
49987
49989
49991
49993
49995
49997
49999
