50001
50003
50005
50007
50009
50011
50013
50015
50017
50019
50021
50023
50025
50027
50029
50031
50033
50035
50037
50039
50041
50043
50045
50047
50049
50051
50053
50055
50057
50059
50061
50063
50065
50067
50069
50071
50073
50075
50077
50079
50081
50083
50085
50087
50089
50091
50093
50095
50097
50099
50101
50103
50105
50107
50109
50111
50113
50115
50117
50119
50121
50123
50125
50127
50129
50131
50133
50135
50137
50139
50141
50143
50145
50147
50149
50151
50153
50155
50157
50159
50161
50163
50165
50167
50169
50171
50173
50175
50177
50179
50181
50183
50185
50187
50189
50191
50193
50195
50197
50199
50201
50203
50205
50207
50209
50211
50213
50215
50217
50219
50221
50223
50225
50227
50229
50231
50233
50235
50237
50239
50241
50243
50245
50247
50249
50251
50253
50255
50257
50259
50261
50263
50265
50267
50269
50271
50273
50275
50277
50279
50281
50283
50285
50287
50289
50291
50293
50295
50297
50299
50301
50303
50305
50307
50309
50311
50313
50315
50317
50319
50321
50323
50325
50327
50329
50331
50333
50335
50337
50339
50341
50343
50345
50347
50349
50351
50353
50355
50357
50359
50361
50363
50365
50367
50369
50371
50373
50375
50377
50379
50381
50383
50385
50387
50389
50391
50393
50395
50397
50399
50401
50403
50405
50407
50409
50411
50413
50415
50417
50419
50421
50423
50425
50427
50429
50431
50433
50435
50437
50439
50441
50443
50445
50447
50449
50451
50453
50455
50457
50459
50461
50463
50465
50467
50469
50471
50473
50475
50477
50479
50481
50483
50485
50487
50489
50491
50493
50495
50497
50499
50501
50503
50505
50507
50509
50511
50513
50515
50517
50519
50521
50523
50525
50527
50529
50531
50533
50535
50537
50539
50541
50543
50545
50547
50549
50551
50553
50555
50557
50559
50561
50563
50565
50567
50569
50571
50573
50575
50577
50579
50581
50583
50585
50587
50589
50591
50593
50595
50597
50599
50601
50603
50605
50607
50609
50611
50613
50615
50617
50619
50621
50623
50625
50627
50629
50631
50633
50635
50637
50639
50641
50643
50645
50647
50649
50651
50653
50655
50657
50659
50661
50663
50665
50667
50669
50671
50673
50675
50677
50679
50681
50683
50685
50687
50689
50691
50693
50695
50697
50699
50701
50703
50705
50707
50709
50711
50713
50715
50717
50719
50721
50723
50725
50727
50729
50731
50733
50735
50737
50739
50741
50743
50745
50747
50749
50751
50753
50755
50757
50759
50761
50763
50765
50767
50769
50771
50773
50775
50777
50779
50781
50783
50785
50787
50789
50791
50793
50795
50797
50799
50801
50803
50805
50807
50809
50811
50813
50815
50817
50819
50821
50823
50825
50827
50829
50831
50833
50835
50837
50839
50841
50843
50845
50847
50849
50851
50853
50855
50857
50859
50861
50863
50865
50867
50869
50871
50873
50875
50877
50879
50881
50883
50885
50887
50889
50891
50893
50895
50897
50899
50901
50903
50905
50907
50909
50911
50913
50915
50917
50919
50921
50923
50925
50927
50929
50931
50933
50935
50937
50939
50941
50943
50945
50947
50949
50951
50953
50955
50957
50959
50961
50963
50965
50967
50969
50971
50973
50975
50977
50979
50981
50983
50985
50987
50989
50991
50993
50995
50997
50999
51001
51003
51005
51007
51009
51011
51013
51015
51017
51019
51021
51023
51025
51027
51029
51031
51033
51035
51037
51039
51041
51043
51045
51047
51049
51051
51053
51055
51057
51059
51061
51063
51065
51067
51069
51071
51073
51075
51077
51079
51081
51083
51085
51087
51089
51091
51093
51095
51097
51099
51101
51103
51105
51107
51109
51111
51113
51115
51117
51119
51121
51123
51125
51127
51129
51131
51133
51135
51137
51139
51141
51143
51145
51147
51149
51151
51153
51155
51157
51159
51161
51163
51165
51167
51169
51171
51173
51175
51177
51179
51181
51183
51185
51187
51189
51191
51193
51195
51197
51199
51201
51203
51205
51207
51209
51211
51213
51215
51217
51219
51221
51223
51225
51227
51229
51231
51233
51235
51237
51239
51241
51243
51245
51247
51249
51251
51253
51255
51257
51259
51261
51263
51265
51267
51269
51271
51273
51275
51277
51279
51281
51283
51285
51287
51289
51291
51293
51295
51297
51299
51301
51303
51305
51307
51309
51311
51313
51315
51317
51319
51321
51323
51325
51327
51329
51331
51333
51335
51337
51339
51341
51343
51345
51347
51349
51351
51353
51355
51357
51359
51361
51363
51365
51367
51369
51371
51373
51375
51377
51379
51381
51383
51385
51387
51389
51391
51393
51395
51397
51399
51401
51403
51405
51407
51409
51411
51413
51415
51417
51419
51421
51423
51425
51427
51429
51431
51433
51435
51437
51439
51441
51443
51445
51447
51449
51451
51453
51455
51457
51459
51461
51463
51465
51467
51469
51471
51473
51475
51477
51479
51481
51483
51485
51487
51489
51491
51493
51495
51497
51499
51501
51503
51505
51507
51509
51511
51513
51515
51517
51519
51521
51523
51525
51527
51529
51531
51533
51535
51537
51539
51541
51543
51545
51547
51549
51551
51553
51555
51557
51559
51561
51563
51565
51567
51569
51571
51573
51575
51577
51579
51581
51583
51585
51587
51589
51591
51593
51595
51597
51599
51601
51603
51605
51607
51609
51611
51613
51615
51617
51619
51621
51623
51625
51627
51629
51631
51633
51635
51637
51639
51641
51643
51645
51647
51649
51651
51653
51655
51657
51659
51661
51663
51665
51667
51669
51671
51673
51675
51677
51679
51681
51683
51685
51687
51689
51691
51693
51695
51697
51699
51701
51703
51705
51707
51709
51711
51713
51715
51717
51719
51721
51723
51725
51727
51729
51731
51733
51735
51737
51739
51741
51743
51745
51747
51749
51751
51753
51755
51757
51759
51761
51763
51765
51767
51769
51771
51773
51775
51777
51779
51781
51783
51785
51787
51789
51791
51793
51795
51797
51799
51801
51803
51805
51807
51809
51811
51813
51815
51817
51819
51821
51823
51825
51827
51829
51831
51833
51835
51837
51839
51841
51843
51845
51847
51849
51851
51853
51855
51857
51859
51861
51863
51865
51867
51869
51871
51873
51875
51877
51879
51881
51883
51885
51887
51889
51891
51893
51895
51897
51899
51901
51903
51905
51907
51909
51911
51913
51915
51917
51919
51921
51923
51925
51927
51929
51931
51933
51935
51937
51939
51941
51943
51945
51947
51949
51951
51953
51955
51957
51959
51961
51963
51965
51967
51969
51971
51973
51975
51977
51979
51981
51983
51985
51987
51989
51991
51993
51995
51997
51999
52001
52003
52005
52007
52009
52011
52013
52015
52017
52019
52021
52023
52025
52027
52029
52031
52033
52035
52037
52039
52041
52043
52045
52047
52049
52051
52053
52055
52057
52059
52061
52063
52065
52067
52069
52071
52073
52075
52077
52079
52081
52083
52085
52087
52089
52091
52093
52095
52097
52099
52101
52103
52105
52107
52109
52111
52113
52115
52117
52119
52121
52123
52125
52127
52129
52131
52133
52135
52137
52139
52141
52143
52145
52147
52149
52151
52153
52155
52157
52159
52161
52163
52165
52167
52169
52171
52173
52175
52177
52179
52181
52183
52185
52187
52189
52191
52193
52195
52197
52199
52201
52203
52205
52207
52209
52211
52213
52215
52217
52219
52221
52223
52225
52227
52229
52231
52233
52235
52237
52239
52241
52243
52245
52247
52249
52251
52253
52255
52257
52259
52261
52263
52265
52267
52269
52271
52273
52275
52277
52279
52281
52283
52285
52287
52289
52291
52293
52295
52297
52299
52301
52303
52305
52307
52309
52311
52313
52315
52317
52319
52321
52323
52325
52327
52329
52331
52333
52335
52337
52339
52341
52343
52345
52347
52349
52351
52353
52355
52357
52359
52361
52363
52365
52367
52369
52371
52373
52375
52377
52379
52381
52383
52385
52387
52389
52391
52393
52395
52397
52399
52401
52403
52405
52407
52409
52411
52413
52415
52417
52419
52421
52423
52425
52427
52429
52431
52433
52435
52437
52439
52441
52443
52445
52447
52449
52451
52453
52455
52457
52459
52461
52463
52465
52467
52469
52471
52473
52475
52477
52479
52481
52483
52485
52487
52489
52491
52493
52495
52497
52499
52501
52503
52505
52507
52509
52511
52513
52515
52517
52519
52521
52523
52525
52527
52529
52531
52533
52535
52537
52539
52541
52543
52545
52547
52549
52551
52553
52555
52557
52559
52561
52563
52565
52567
52569
52571
52573
52575
52577
52579
52581
52583
52585
52587
52589
52591
52593
52595
52597
52599
52601
52603
52605
52607
52609
52611
52613
52615
52617
52619
52621
52623
52625
52627
52629
52631
52633
52635
52637
52639
52641
52643
52645
52647
52649
52651
52653
52655
52657
52659
52661
52663
52665
52667
52669
52671
52673
52675
52677
52679
52681
52683
52685
52687
52689
52691
52693
52695
52697
52699
52701
52703
52705
52707
52709
52711
52713
52715
52717
52719
52721
52723
52725
52727
52729
52731
52733
52735
52737
52739
52741
52743
52745
52747
52749
52751
52753
52755
52757
52759
52761
52763
52765
52767
52769
52771
52773
52775
52777
52779
52781
52783
52785
52787
52789
52791
52793
52795
52797
52799
52801
52803
52805
52807
52809
52811
52813
52815
52817
52819
52821
52823
52825
52827
52829
52831
52833
52835
52837
52839
52841
52843
52845
52847
52849
52851
52853
52855
52857
52859
52861
52863
52865
52867
52869
52871
52873
52875
52877
52879
52881
52883
52885
52887
52889
52891
52893
52895
52897
52899
52901
52903
52905
52907
52909
52911
52913
52915
52917
52919
52921
52923
52925
52927
52929
52931
52933
52935
52937
52939
52941
52943
52945
52947
52949
52951
52953
52955
52957
52959
52961
52963
52965
52967
52969
52971
52973
52975
52977
52979
52981
52983
52985
52987
52989
52991
52993
52995
52997
52999
53001
53003
53005
53007
53009
53011
53013
53015
53017
53019
53021
53023
53025
53027
53029
53031
53033
53035
53037
53039
53041
53043
53045
53047
53049
53051
53053
53055
53057
53059
53061
53063
53065
53067
53069
53071
53073
53075
53077
53079
53081
53083
53085
53087
53089
53091
53093
53095
53097
53099
53101
53103
53105
53107
53109
53111
53113
53115
53117
53119
53121
53123
53125
53127
53129
53131
53133
53135
53137
53139
53141
53143
53145
53147
53149
53151
53153
53155
53157
53159
53161
53163
53165
53167
53169
53171
53173
53175
53177
53179
53181
53183
53185
53187
53189
53191
53193
53195
53197
53199
53201
53203
53205
53207
53209
53211
53213
53215
53217
53219
53221
53223
53225
53227
53229
53231
53233
53235
53237
53239
53241
53243
53245
53247
53249
53251
53253
53255
53257
53259
53261
53263
53265
53267
53269
53271
53273
53275
53277
53279
53281
53283
53285
53287
53289
53291
53293
53295
53297
53299
53301
53303
53305
53307
53309
53311
53313
53315
53317
53319
53321
53323
53325
53327
53329
53331
53333
53335
53337
53339
53341
53343
53345
53347
53349
53351
53353
53355
53357
53359
53361
53363
53365
53367
53369
53371
53373
53375
53377
53379
53381
53383
53385
53387
53389
53391
53393
53395
53397
53399
53401
53403
53405
53407
53409
53411
53413
53415
53417
53419
53421
53423
53425
53427
53429
53431
53433
53435
53437
53439
53441
53443
53445
53447
53449
53451
53453
53455
53457
53459
53461
53463
53465
53467
53469
53471
53473
53475
53477
53479
53481
53483
53485
53487
53489
53491
53493
53495
53497
53499
53501
53503
53505
53507
53509
53511
53513
53515
53517
53519
53521
53523
53525
53527
53529
53531
53533
53535
53537
53539
53541
53543
53545
53547
53549
53551
53553
53555
53557
53559
53561
53563
53565
53567
53569
53571
53573
53575
53577
53579
53581
53583
53585
53587
53589
53591
53593
53595
53597
53599
53601
53603
53605
53607
53609
53611
53613
53615
53617
53619
53621
53623
53625
53627
53629
53631
53633
53635
53637
53639
53641
53643
53645
53647
53649
53651
53653
53655
53657
53659
53661
53663
53665
53667
53669
53671
53673
53675
53677
53679
53681
53683
53685
53687
53689
53691
53693
53695
53697
53699
53701
53703
53705
53707
53709
53711
53713
53715
53717
53719
53721
53723
53725
53727
53729
53731
53733
53735
53737
53739
53741
53743
53745
53747
53749
53751
53753
53755
53757
53759
53761
53763
53765
53767
53769
53771
53773
53775
53777
53779
53781
53783
53785
53787
53789
53791
53793
53795
53797
53799
53801
53803
53805
53807
53809
53811
53813
53815
53817
53819
53821
53823
53825
53827
53829
53831
53833
53835
53837
53839
53841
53843
53845
53847
53849
53851
53853
53855
53857
53859
53861
53863
53865
53867
53869
53871
53873
53875
53877
53879
53881
53883
53885
53887
53889
53891
53893
53895
53897
53899
53901
53903
53905
53907
53909
53911
53913
53915
53917
53919
53921
53923
53925
53927
53929
53931
53933
53935
53937
53939
53941
53943
53945
53947
53949
53951
53953
53955
53957
53959
53961
53963
53965
53967
53969
53971
53973
53975
53977
53979
53981
53983
53985
53987
53989
53991
53993
53995
53997
53999
54001
54003
54005
54007
54009
54011
54013
54015
54017
54019
54021
54023
54025
54027
54029
54031
54033
54035
54037
54039
54041
54043
54045
54047
54049
54051
54053
54055
54057
54059
54061
54063
54065
54067
54069
54071
54073
54075
54077
54079
54081
54083
54085
54087
54089
54091
54093
54095
54097
54099
54101
54103
54105
54107
54109
54111
54113
54115
54117
54119
54121
54123
54125
54127
54129
54131
54133
54135
54137
54139
54141
54143
54145
54147
54149
54151
54153
54155
54157
54159
54161
54163
54165
54167
54169
54171
54173
54175
54177
54179
54181
54183
54185
54187
54189
54191
54193
54195
54197
54199
54201
54203
54205
54207
54209
54211
54213
54215
54217
54219
54221
54223
54225
54227
54229
54231
54233
54235
54237
54239
54241
54243
54245
54247
54249
54251
54253
54255
54257
54259
54261
54263
54265
54267
54269
54271
54273
54275
54277
54279
54281
54283
54285
54287
54289
54291
54293
54295
54297
54299
54301
54303
54305
54307
54309
54311
54313
54315
54317
54319
54321
54323
54325
54327
54329
54331
54333
54335
54337
54339
54341
54343
54345
54347
54349
54351
54353
54355
54357
54359
54361
54363
54365
54367
54369
54371
54373
54375
54377
54379
54381
54383
54385
54387
54389
54391
54393
54395
54397
54399
54401
54403
54405
54407
54409
54411
54413
54415
54417
54419
54421
54423
54425
54427
54429
54431
54433
54435
54437
54439
54441
54443
54445
54447
54449
54451
54453
54455
54457
54459
54461
54463
54465
54467
54469
54471
54473
54475
54477
54479
54481
54483
54485
54487
54489
54491
54493
54495
54497
54499
54501
54503
54505
54507
54509
54511
54513
54515
54517
54519
54521
54523
54525
54527
54529
54531
54533
54535
54537
54539
54541
54543
54545
54547
54549
54551
54553
54555
54557
54559
54561
54563
54565
54567
54569
54571
54573
54575
54577
54579
54581
54583
54585
54587
54589
54591
54593
54595
54597
54599
54601
54603
54605
54607
54609
54611
54613
54615
54617
54619
54621
54623
54625
54627
54629
54631
54633
54635
54637
54639
54641
54643
54645
54647
54649
54651
54653
54655
54657
54659
54661
54663
54665
54667
54669
54671
54673
54675
54677
54679
54681
54683
54685
54687
54689
54691
54693
54695
54697
54699
54701
54703
54705
54707
54709
54711
54713
54715
54717
54719
54721
54723
54725
54727
54729
54731
54733
54735
54737
54739
54741
54743
54745
54747
54749
54751
54753
54755
54757
54759
54761
54763
54765
54767
54769
54771
54773
54775
54777
54779
54781
54783
54785
54787
54789
54791
54793
54795
54797
54799
54801
54803
54805
54807
54809
54811
54813
54815
54817
54819
54821
54823
54825
54827
54829
54831
54833
54835
54837
54839
54841
54843
54845
54847
54849
54851
54853
54855
54857
54859
54861
54863
54865
54867
54869
54871
54873
54875
54877
54879
54881
54883
54885
54887
54889
54891
54893
54895
54897
54899
54901
54903
54905
54907
54909
54911
54913
54915
54917
54919
54921
54923
54925
54927
54929
54931
54933
54935
54937
54939
54941
54943
54945
54947
54949
54951
54953
54955
54957
54959
54961
54963
54965
54967
54969
54971
54973
54975
54977
54979
54981
54983
54985
54987
54989
54991
54993
54995
54997
54999
55001
55003
55005
55007
55009
55011
55013
55015
55017
55019
55021
55023
55025
55027
55029
55031
55033
55035
55037
55039
55041
55043
55045
55047
55049
55051
55053
55055
55057
55059
55061
55063
55065
55067
55069
55071
55073
55075
55077
55079
55081
55083
55085
55087
55089
55091
55093
55095
55097
55099
55101
55103
55105
55107
55109
55111
55113
55115
55117
55119
55121
55123
55125
55127
55129
55131
55133
55135
55137
55139
55141
55143
55145
55147
55149
55151
55153
55155
55157
55159
55161
55163
55165
55167
55169
55171
55173
55175
55177
55179
55181
55183
55185
55187
55189
55191
55193
55195
55197
55199
55201
55203
55205
55207
55209
55211
55213
55215
55217
55219
55221
55223
55225
55227
55229
55231
55233
55235
55237
55239
55241
55243
55245
55247
55249
55251
55253
55255
55257
55259
55261
55263
55265
55267
55269
55271
55273
55275
55277
55279
55281
55283
55285
55287
55289
55291
55293
55295
55297
55299
55301
55303
55305
55307
55309
55311
55313
55315
55317
55319
55321
55323
55325
55327
55329
55331
55333
55335
55337
55339
55341
55343
55345
55347
55349
55351
55353
55355
55357
55359
55361
55363
55365
55367
55369
55371
55373
55375
55377
55379
55381
55383
55385
55387
55389
55391
55393
55395
55397
55399
55401
55403
55405
55407
55409
55411
55413
55415
55417
55419
55421
55423
55425
55427
55429
55431
55433
55435
55437
55439
55441
55443
55445
55447
55449
55451
55453
55455
55457
55459
55461
55463
55465
55467
55469
55471
55473
55475
55477
55479
55481
55483
55485
55487
55489
55491
55493
55495
55497
55499
55501
55503
55505
55507
55509
55511
55513
55515
55517
55519
55521
55523
55525
55527
55529
55531
55533
55535
55537
55539
55541
55543
55545
55547
55549
55551
55553
55555
55557
55559
55561
55563
55565
55567
55569
55571
55573
55575
55577
55579
55581
55583
55585
55587
55589
55591
55593
55595
55597
55599
55601
55603
55605
55607
55609
55611
55613
55615
55617
55619
55621
55623
55625
55627
55629
55631
55633
55635
55637
55639
55641
55643
55645
55647
55649
55651
55653
55655
55657
55659
55661
55663
55665
55667
55669
55671
55673
55675
55677
55679
55681
55683
55685
55687
55689
55691
55693
55695
55697
55699
55701
55703
55705
55707
55709
55711
55713
55715
55717
55719
55721
55723
55725
55727
55729
55731
55733
55735
55737
55739
55741
55743
55745
55747
55749
55751
55753
55755
55757
55759
55761
55763
55765
55767
55769
55771
55773
55775
55777
55779
55781
55783
55785
55787
55789
55791
55793
55795
55797
55799
55801
55803
55805
55807
55809
55811
55813
55815
55817
55819
55821
55823
55825
55827
55829
55831
55833
55835
55837
55839
55841
55843
55845
55847
55849
55851
55853
55855
55857
55859
55861
55863
55865
55867
55869
55871
55873
55875
55877
55879
55881
55883
55885
55887
55889
55891
55893
55895
55897
55899
55901
55903
55905
55907
55909
55911
55913
55915
55917
55919
55921
55923
55925
55927
55929
55931
55933
55935
55937
55939
55941
55943
55945
55947
55949
55951
55953
55955
55957
55959
55961
55963
55965
55967
55969
55971
55973
55975
55977
55979
55981
55983
55985
55987
55989
55991
55993
55995
55997
55999
56001
56003
56005
56007
56009
56011
56013
56015
56017
56019
56021
56023
56025
56027
56029
56031
56033
56035
56037
56039
56041
56043
56045
56047
56049
56051
56053
56055
56057
56059
56061
56063
56065
56067
56069
56071
56073
56075
56077
56079
56081
56083
56085
56087
56089
56091
56093
56095
56097
56099
56101
56103
56105
56107
56109
56111
56113
56115
56117
56119
56121
56123
56125
56127
56129
56131
56133
56135
56137
56139
56141
56143
56145
56147
56149
56151
56153
56155
56157
56159
56161
56163
56165
56167
56169
56171
56173
56175
56177
56179
56181
56183
56185
56187
56189
56191
56193
56195
56197
56199
56201
56203
56205
56207
56209
56211
56213
56215
56217
56219
56221
56223
56225
56227
56229
56231
56233
56235
56237
56239
56241
56243
56245
56247
56249
56251
56253
56255
56257
56259
56261
56263
56265
56267
56269
56271
56273
56275
56277
56279
56281
56283
56285
56287
56289
56291
56293
56295
56297
56299
56301
56303
56305
56307
56309
56311
56313
56315
56317
56319
56321
56323
56325
56327
56329
56331
56333
56335
56337
56339
56341
56343
56345
56347
56349
56351
56353
56355
56357
56359
56361
56363
56365
56367
56369
56371
56373
56375
56377
56379
56381
56383
56385
56387
56389
56391
56393
56395
56397
56399
56401
56403
56405
56407
56409
56411
56413
56415
56417
56419
56421
56423
56425
56427
56429
56431
56433
56435
56437
56439
56441
56443
56445
56447
56449
56451
56453
56455
56457
56459
56461
56463
56465
56467
56469
56471
56473
56475
56477
56479
56481
56483
56485
56487
56489
56491
56493
56495
56497
56499
56501
56503
56505
56507
56509
56511
56513
56515
56517
56519
56521
56523
56525
56527
56529
56531
56533
56535
56537
56539
56541
56543
56545
56547
56549
56551
56553
56555
56557
56559
56561
56563
56565
56567
56569
56571
56573
56575
56577
56579
56581
56583
56585
56587
56589
56591
56593
56595
56597
56599
56601
56603
56605
56607
56609
56611
56613
56615
56617
56619
56621
56623
56625
56627
56629
56631
56633
56635
56637
56639
56641
56643
56645
56647
56649
56651
56653
56655
56657
56659
56661
56663
56665
56667
56669
56671
56673
56675
56677
56679
56681
56683
56685
56687
56689
56691
56693
56695
56697
56699
56701
56703
56705
56707
56709
56711
56713
56715
56717
56719
56721
56723
56725
56727
56729
56731
56733
56735
56737
56739
56741
56743
56745
56747
56749
56751
56753
56755
56757
56759
56761
56763
56765
56767
56769
56771
56773
56775
56777
56779
56781
56783
56785
56787
56789
56791
56793
56795
56797
56799
56801
56803
56805
56807
56809
56811
56813
56815
56817
56819
56821
56823
56825
56827
56829
56831
56833
56835
56837
56839
56841
56843
56845
56847
56849
56851
56853
56855
56857
56859
56861
56863
56865
56867
56869
56871
56873
56875
56877
56879
56881
56883
56885
56887
56889
56891
56893
56895
56897
56899
56901
56903
56905
56907
56909
56911
56913
56915
56917
56919
56921
56923
56925
56927
56929
56931
56933
56935
56937
56939
56941
56943
56945
56947
56949
56951
56953
56955
56957
56959
56961
56963
56965
56967
56969
56971
56973
56975
56977
56979
56981
56983
56985
56987
56989
56991
56993
56995
56997
56999
57001
57003
57005
57007
57009
57011
57013
57015
57017
57019
57021
57023
57025
57027
57029
57031
57033
57035
57037
57039
57041
57043
57045
57047
57049
57051
57053
57055
57057
57059
57061
57063
57065
57067
57069
57071
57073
57075
57077
57079
57081
57083
57085
57087
57089
57091
57093
57095
57097
57099
57101
57103
57105
57107
57109
57111
57113
57115
57117
57119
57121
57123
57125
57127
57129
57131
57133
57135
57137
57139
57141
57143
57145
57147
57149
57151
57153
57155
57157
57159
57161
57163
57165
57167
57169
57171
57173
57175
57177
57179
57181
57183
57185
57187
57189
57191
57193
57195
57197
57199
57201
57203
57205
57207
57209
57211
57213
57215
57217
57219
57221
57223
57225
57227
57229
57231
57233
57235
57237
57239
57241
57243
57245
57247
57249
57251
57253
57255
57257
57259
57261
57263
57265
57267
57269
57271
57273
57275
57277
57279
57281
57283
57285
57287
57289
57291
57293
57295
57297
57299
57301
57303
57305
57307
57309
57311
57313
57315
57317
57319
57321
57323
57325
57327
57329
57331
57333
57335
57337
57339
57341
57343
57345
57347
57349
57351
57353
57355
57357
57359
57361
57363
57365
57367
57369
57371
57373
57375
57377
57379
57381
57383
57385
57387
57389
57391
57393
57395
57397
57399
57401
57403
57405
57407
57409
57411
57413
57415
57417
57419
57421
57423
57425
57427
57429
57431
57433
57435
57437
57439
57441
57443
57445
57447
57449
57451
57453
57455
57457
57459
57461
57463
57465
57467
57469
57471
57473
57475
57477
57479
57481
57483
57485
57487
57489
57491
57493
57495
57497
57499
57501
57503
57505
57507
57509
57511
57513
57515
57517
57519
57521
57523
57525
57527
57529
57531
57533
57535
57537
57539
57541
57543
57545
57547
57549
57551
57553
57555
57557
57559
57561
57563
57565
57567
57569
57571
57573
57575
57577
57579
57581
57583
57585
57587
57589
57591
57593
57595
57597
57599
57601
57603
57605
57607
57609
57611
57613
57615
57617
57619
57621
57623
57625
57627
57629
57631
57633
57635
57637
57639
57641
57643
57645
57647
57649
57651
57653
57655
57657
57659
57661
57663
57665
57667
57669
57671
57673
57675
57677
57679
57681
57683
57685
57687
57689
57691
57693
57695
57697
57699
57701
57703
57705
57707
57709
57711
57713
57715
57717
57719
57721
57723
57725
57727
57729
57731
57733
57735
57737
57739
57741
57743
57745
57747
57749
57751
57753
57755
57757
57759
57761
57763
57765
57767
57769
57771
57773
57775
57777
57779
57781
57783
57785
57787
57789
57791
57793
57795
57797
57799
57801
57803
57805
57807
57809
57811
57813
57815
57817
57819
57821
57823
57825
57827
57829
57831
57833
57835
57837
57839
57841
57843
57845
57847
57849
57851
57853
57855
57857
57859
57861
57863
57865
57867
57869
57871
57873
57875
57877
57879
57881
57883
57885
57887
57889
57891
57893
57895
57897
57899
57901
57903
57905
57907
57909
57911
57913
57915
57917
57919
57921
57923
57925
57927
57929
57931
57933
57935
57937
57939
57941
57943
57945
57947
57949
57951
57953
57955
57957
57959
57961
57963
57965
57967
57969
57971
57973
57975
57977
57979
57981
57983
57985
57987
57989
57991
57993
57995
57997
57999
58001
58003
58005
58007
58009
58011
58013
58015
58017
58019
58021
58023
58025
58027
58029
58031
58033
58035
58037
58039
58041
58043
58045
58047
58049
58051
58053
58055
58057
58059
58061
58063
58065
58067
58069
58071
58073
58075
58077
58079
58081
58083
58085
58087
58089
58091
58093
58095
58097
58099
58101
58103
58105
58107
58109
58111
58113
58115
58117
58119
58121
58123
58125
58127
58129
58131
58133
58135
58137
58139
58141
58143
58145
58147
58149
58151
58153
58155
58157
58159
58161
58163
58165
58167
58169
58171
58173
58175
58177
58179
58181
58183
58185
58187
58189
58191
58193
58195
58197
58199
58201
58203
58205
58207
58209
58211
58213
58215
58217
58219
58221
58223
58225
58227
58229
58231
58233
58235
58237
58239
58241
58243
58245
58247
58249
58251
58253
58255
58257
58259
58261
58263
58265
58267
58269
58271
58273
58275
58277
58279
58281
58283
58285
58287
58289
58291
58293
58295
58297
58299
58301
58303
58305
58307
58309
58311
58313
58315
58317
58319
58321
58323
58325
58327
58329
58331
58333
58335
58337
58339
58341
58343
58345
58347
58349
58351
58353
58355
58357
58359
58361
58363
58365
58367
58369
58371
58373
58375
58377
58379
58381
58383
58385
58387
58389
58391
58393
58395
58397
58399
58401
58403
58405
58407
58409
58411
58413
58415
58417
58419
58421
58423
58425
58427
58429
58431
58433
58435
58437
58439
58441
58443
58445
58447
58449
58451
58453
58455
58457
58459
58461
58463
58465
58467
58469
58471
58473
58475
58477
58479
58481
58483
58485
58487
58489
58491
58493
58495
58497
58499
58501
58503
58505
58507
58509
58511
58513
58515
58517
58519
58521
58523
58525
58527
58529
58531
58533
58535
58537
58539
58541
58543
58545
58547
58549
58551
58553
58555
58557
58559
58561
58563
58565
58567
58569
58571
58573
58575
58577
58579
58581
58583
58585
58587
58589
58591
58593
58595
58597
58599
58601
58603
58605
58607
58609
58611
58613
58615
58617
58619
58621
58623
58625
58627
58629
58631
58633
58635
58637
58639
58641
58643
58645
58647
58649
58651
58653
58655
58657
58659
58661
58663
58665
58667
58669
58671
58673
58675
58677
58679
58681
58683
58685
58687
58689
58691
58693
58695
58697
58699
58701
58703
58705
58707
58709
58711
58713
58715
58717
58719
58721
58723
58725
58727
58729
58731
58733
58735
58737
58739
58741
58743
58745
58747
58749
58751
58753
58755
58757
58759
58761
58763
58765
58767
58769
58771
58773
58775
58777
58779
58781
58783
58785
58787
58789
58791
58793
58795
58797
58799
58801
58803
58805
58807
58809
58811
58813
58815
58817
58819
58821
58823
58825
58827
58829
58831
58833
58835
58837
58839
58841
58843
58845
58847
58849
58851
58853
58855
58857
58859
58861
58863
58865
58867
58869
58871
58873
58875
58877
58879
58881
58883
58885
58887
58889
58891
58893
58895
58897
58899
58901
58903
58905
58907
58909
58911
58913
58915
58917
58919
58921
58923
58925
58927
58929
58931
58933
58935
58937
58939
58941
58943
58945
58947
58949
58951
58953
58955
58957
58959
58961
58963
58965
58967
58969
58971
58973
58975
58977
58979
58981
58983
58985
58987
58989
58991
58993
58995
58997
58999
59001
59003
59005
59007
59009
59011
59013
59015
59017
59019
59021
59023
59025
59027
59029
59031
59033
59035
59037
59039
59041
59043
59045
59047
59049
59051
59053
59055
59057
59059
59061
59063
59065
59067
59069
59071
59073
59075
59077
59079
59081
59083
59085
59087
59089
59091
59093
59095
59097
59099
59101
59103
59105
59107
59109
59111
59113
59115
59117
59119
59121
59123
59125
59127
59129
59131
59133
59135
59137
59139
59141
59143
59145
59147
59149
59151
59153
59155
59157
59159
59161
59163
59165
59167
59169
59171
59173
59175
59177
59179
59181
59183
59185
59187
59189
59191
59193
59195
59197
59199
59201
59203
59205
59207
59209
59211
59213
59215
59217
59219
59221
59223
59225
59227
59229
59231
59233
59235
59237
59239
59241
59243
59245
59247
59249
59251
59253
59255
59257
59259
59261
59263
59265
59267
59269
59271
59273
59275
59277
59279
59281
59283
59285
59287
59289
59291
59293
59295
59297
59299
59301
59303
59305
59307
59309
59311
59313
59315
59317
59319
59321
59323
59325
59327
59329
59331
59333
59335
59337
59339
59341
59343
59345
59347
59349
59351
59353
59355
59357
59359
59361
59363
59365
59367
59369
59371
59373
59375
59377
59379
59381
59383
59385
59387
59389
59391
59393
59395
59397
59399
59401
59403
59405
59407
59409
59411
59413
59415
59417
59419
59421
59423
59425
59427
59429
59431
59433
59435
59437
59439
59441
59443
59445
59447
59449
59451
59453
59455
59457
59459
59461
59463
59465
59467
59469
59471
59473
59475
59477
59479
59481
59483
59485
59487
59489
59491
59493
59495
59497
59499
59501
59503
59505
59507
59509
59511
59513
59515
59517
59519
59521
59523
59525
59527
59529
59531
59533
59535
59537
59539
59541
59543
59545
59547
59549
59551
59553
59555
59557
59559
59561
59563
59565
59567
59569
59571
59573
59575
59577
59579
59581
59583
59585
59587
59589
59591
59593
59595
59597
59599
59601
59603
59605
59607
59609
59611
59613
59615
59617
59619
59621
59623
59625
59627
59629
59631
59633
59635
59637
59639
59641
59643
59645
59647
59649
59651
59653
59655
59657
59659
59661
59663
59665
59667
59669
59671
59673
59675
59677
59679
59681
59683
59685
59687
59689
59691
59693
59695
59697
59699
59701
59703
59705
59707
59709
59711
59713
59715
59717
59719
59721
59723
59725
59727
59729
59731
59733
59735
59737
59739
59741
59743
59745
59747
59749
59751
59753
59755
59757
59759
59761
59763
59765
59767
59769
59771
59773
59775
59777
59779
59781
59783
59785
59787
59789
59791
59793
59795
59797
59799
59801
59803
59805
59807
59809
59811
59813
59815
59817
59819
59821
59823
59825
59827
59829
59831
59833
59835
59837
59839
59841
59843
59845
59847
59849
59851
59853
59855
59857
59859
59861
59863
59865
59867
59869
59871
59873
59875
59877
59879
59881
59883
59885
59887
59889
59891
59893
59895
59897
59899
59901
59903
59905
59907
59909
59911
59913
59915
59917
59919
59921
59923
59925
59927
59929
59931
59933
59935
59937
59939
59941
59943
59945
59947
59949
59951
59953
59955
59957
59959
59961
59963
59965
59967
59969
59971
59973
59975
59977
59979
59981
59983
59985
59987
59989
59991
59993
59995
59997
59999
