60001
60003
60005
60007
60009
60011
60013
60015
60017
60019
60021
60023
60025
60027
60029
60031
60033
60035
60037
60039
60041
60043
60045
60047
60049
60051
60053
60055
60057
60059
60061
60063
60065
60067
60069
60071
60073
60075
60077
60079
60081
60083
60085
60087
60089
60091
60093
60095
60097
60099
60101
60103
60105
60107
60109
60111
60113
60115
60117
60119
60121
60123
60125
60127
60129
60131
60133
60135
60137
60139
60141
60143
60145
60147
60149
60151
60153
60155
60157
60159
60161
60163
60165
60167
60169
60171
60173
60175
60177
60179
60181
60183
60185
60187
60189
60191
60193
60195
60197
60199
60201
60203
60205
60207
60209
60211
60213
60215
60217
60219
60221
60223
60225
60227
60229
60231
60233
60235
60237
60239
60241
60243
60245
60247
60249
60251
60253
60255
60257
60259
60261
60263
60265
60267
60269
60271
60273
60275
60277
60279
60281
60283
60285
60287
60289
60291
60293
60295
60297
60299
60301
60303
60305
60307
60309
60311
60313
60315
60317
60319
60321
60323
60325
60327
60329
60331
60333
60335
60337
60339
60341
60343
60345
60347
60349
60351
60353
60355
60357
60359
60361
60363
60365
60367
60369
60371
60373
60375
60377
60379
60381
60383
60385
60387
60389
60391
60393
60395
60397
60399
60401
60403
60405
60407
60409
60411
60413
60415
60417
60419
60421
60423
60425
60427
60429
60431
60433
60435
60437
60439
60441
60443
60445
60447
60449
60451
60453
60455
60457
60459
60461
60463
60465
60467
60469
60471
60473
60475
60477
60479
60481
60483
60485
60487
60489
60491
60493
60495
60497
60499
60501
60503
60505
60507
60509
60511
60513
60515
60517
60519
60521
60523
60525
60527
60529
60531
60533
60535
60537
60539
60541
60543
60545
60547
60549
60551
60553
60555
60557
60559
60561
60563
60565
60567
60569
60571
60573
60575
60577
60579
60581
60583
60585
60587
60589
60591
60593
60595
60597
60599
60601
60603
60605
60607
60609
60611
60613
60615
60617
60619
60621
60623
60625
60627
60629
60631
60633
60635
60637
60639
60641
60643
60645
60647
60649
60651
60653
60655
60657
60659
60661
60663
60665
60667
60669
60671
60673
60675
60677
60679
60681
60683
60685
60687
60689
60691
60693
60695
60697
60699
60701
60703
60705
60707
60709
60711
60713
60715
60717
60719
60721
60723
60725
60727
60729
60731
60733
60735
60737
60739
60741
60743
60745
60747
60749
60751
60753
60755
60757
60759
60761
60763
60765
60767
60769
60771
60773
60775
60777
60779
60781
60783
60785
60787
60789
60791
60793
60795
60797
60799
60801
60803
60805
60807
60809
60811
60813
60815
60817
60819
60821
60823
60825
60827
60829
60831
60833
60835
60837
60839
60841
60843
60845
60847
60849
60851
60853
60855
60857
60859
60861
60863
60865
60867
60869
60871
60873
60875
60877
60879
60881
60883
60885
60887
60889
60891
60893
60895
60897
60899
60901
60903
60905
60907
60909
60911
60913
60915
60917
60919
60921
60923
60925
60927
60929
60931
60933
60935
60937
60939
60941
60943
60945
60947
60949
60951
60953
60955
60957
60959
60961
60963
60965
60967
60969
60971
60973
60975
60977
60979
60981
60983
60985
60987
60989
60991
60993
60995
60997
60999
61001
61003
61005
61007
61009
61011
61013
61015
61017
61019
61021
61023
61025
61027
61029
61031
61033
61035
61037
61039
61041
61043
61045
61047
61049
61051
61053
61055
61057
61059
61061
61063
61065
61067
61069
61071
61073
61075
61077
61079
61081
61083
61085
61087
61089
61091
61093
61095
61097
61099
61101
61103
61105
61107
61109
61111
61113
61115
61117
61119
61121
61123
61125
61127
61129
61131
61133
61135
61137
61139
61141
61143
61145
61147
61149
61151
61153
61155
61157
61159
61161
61163
61165
61167
61169
61171
61173
61175
61177
61179
61181
61183
61185
61187
61189
61191
61193
61195
61197
61199
61201
61203
61205
61207
61209
61211
61213
61215
61217
61219
61221
61223
61225
61227
61229
61231
61233
61235
61237
61239
61241
61243
61245
61247
61249
61251
61253
61255
61257
61259
61261
61263
61265
61267
61269
61271
61273
61275
61277
61279
61281
61283
61285
61287
61289
61291
61293
61295
61297
61299
61301
61303
61305
61307
61309
61311
61313
61315
61317
61319
61321
61323
61325
61327
61329
61331
61333
61335
61337
61339
61341
61343
61345
61347
61349
61351
61353
61355
61357
61359
61361
61363
61365
61367
61369
61371
61373
61375
61377
61379
61381
61383
61385
61387
61389
61391
61393
61395
61397
61399
61401
61403
61405
61407
61409
61411
61413
61415
61417
61419
61421
61423
61425
61427
61429
61431
61433
61435
61437
61439
61441
61443
61445
61447
61449
61451
61453
61455
61457
61459
61461
61463
61465
61467
61469
61471
61473
61475
61477
61479
61481
61483
61485
61487
61489
61491
61493
61495
61497
61499
61501
61503
61505
61507
61509
61511
61513
61515
61517
61519
61521
61523
61525
61527
61529
61531
61533
61535
61537
61539
61541
61543
61545
61547
61549
61551
61553
61555
61557
61559
61561
61563
61565
61567
61569
61571
61573
61575
61577
61579
61581
61583
61585
61587
61589
61591
61593
61595
61597
61599
61601
61603
61605
61607
61609
61611
61613
61615
61617
61619
61621
61623
61625
61627
61629
61631
61633
61635
61637
61639
61641
61643
61645
61647
61649
61651
61653
61655
61657
61659
61661
61663
61665
61667
61669
61671
61673
61675
61677
61679
61681
61683
61685
61687
61689
61691
61693
61695
61697
61699
61701
61703
61705
61707
61709
61711
61713
61715
61717
61719
61721
61723
61725
61727
61729
61731
61733
61735
61737
61739
61741
61743
61745
61747
61749
61751
61753
61755
61757
61759
61761
61763
61765
61767
61769
61771
61773
61775
61777
61779
61781
61783
61785
61787
61789
61791
61793
61795
61797
61799
61801
61803
61805
61807
61809
61811
61813
61815
61817
61819
61821
61823
61825
61827
61829
61831
61833
61835
61837
61839
61841
61843
61845
61847
61849
61851
61853
61855
61857
61859
61861
61863
61865
61867
61869
61871
61873
61875
61877
61879
61881
61883
61885
61887
61889
61891
61893
61895
61897
61899
61901
61903
61905
61907
61909
61911
61913
61915
61917
61919
61921
61923
61925
61927
61929
61931
61933
61935
61937
61939
61941
61943
61945
61947
61949
61951
61953
61955
61957
61959
61961
61963
61965
61967
61969
61971
61973
61975
61977
61979
61981
61983
61985
61987
61989
61991
61993
61995
61997
61999
62001
62003
62005
62007
62009
62011
62013
62015
62017
62019
62021
62023
62025
62027
62029
62031
62033
62035
62037
62039
62041
62043
62045
62047
62049
62051
62053
62055
62057
62059
62061
62063
62065
62067
62069
62071
62073
62075
62077
62079
62081
62083
62085
62087
62089
62091
62093
62095
62097
62099
62101
62103
62105
62107
62109
62111
62113
62115
62117
62119
62121
62123
62125
62127
62129
62131
62133
62135
62137
62139
62141
62143
62145
62147
62149
62151
62153
62155
62157
62159
62161
62163
62165
62167
62169
62171
62173
62175
62177
62179
62181
62183
62185
62187
62189
62191
62193
62195
62197
62199
62201
62203
62205
62207
62209
62211
62213
62215
62217
62219
62221
62223
62225
62227
62229
62231
62233
62235
62237
62239
62241
62243
62245
62247
62249
62251
62253
62255
62257
62259
62261
62263
62265
62267
62269
62271
62273
62275
62277
62279
62281
62283
62285
62287
62289
62291
62293
62295
62297
62299
62301
62303
62305
62307
62309
62311
62313
62315
62317
62319
62321
62323
62325
62327
62329
62331
62333
62335
62337
62339
62341
62343
62345
62347
62349
62351
62353
62355
62357
62359
62361
62363
62365
62367
62369
62371
62373
62375
62377
62379
62381
62383
62385
62387
62389
62391
62393
62395
62397
62399
62401
62403
62405
62407
62409
62411
62413
62415
62417
62419
62421
62423
62425
62427
62429
62431
62433
62435
62437
62439
62441
62443
62445
62447
62449
62451
62453
62455
62457
62459
62461
62463
62465
62467
62469
62471
62473
62475
62477
62479
62481
62483
62485
62487
62489
62491
62493
62495
62497
62499
62501
62503
62505
62507
62509
62511
62513
62515
62517
62519
62521
62523
62525
62527
62529
62531
62533
62535
62537
62539
62541
62543
62545
62547
62549
62551
62553
62555
62557
62559
62561
62563
62565
62567
62569
62571
62573
62575
62577
62579
62581
62583
62585
62587
62589
62591
62593
62595
62597
62599
62601
62603
62605
62607
62609
62611
62613
62615
62617
62619
62621
62623
62625
62627
62629
62631
62633
62635
62637
62639
62641
62643
62645
62647
62649
62651
62653
62655
62657
62659
62661
62663
62665
62667
62669
62671
62673
62675
62677
62679
62681
62683
62685
62687
62689
62691
62693
62695
62697
62699
62701
62703
62705
62707
62709
62711
62713
62715
62717
62719
62721
62723
62725
62727
62729
62731
62733
62735
62737
62739
62741
62743
62745
62747
62749
62751
62753
62755
62757
62759
62761
62763
62765
62767
62769
62771
62773
62775
62777
62779
62781
62783
62785
62787
62789
62791
62793
62795
62797
62799
62801
62803
62805
62807
62809
62811
62813
62815
62817
62819
62821
62823
62825
62827
62829
62831
62833
62835
62837
62839
62841
62843
62845
62847
62849
62851
62853
62855
62857
62859
62861
62863
62865
62867
62869
62871
62873
62875
62877
62879
62881
62883
62885
62887
62889
62891
62893
62895
62897
62899
62901
62903
62905
62907
62909
62911
62913
62915
62917
62919
62921
62923
62925
62927
62929
62931
62933
62935
62937
62939
62941
62943
62945
62947
62949
62951
62953
62955
62957
62959
62961
62963
62965
62967
62969
62971
62973
62975
62977
62979
62981
62983
62985
62987
62989
62991
62993
62995
62997
62999
63001
63003
63005
63007
63009
63011
63013
63015
63017
63019
63021
63023
63025
63027
63029
63031
63033
63035
63037
63039
63041
63043
63045
63047
63049
63051
63053
63055
63057
63059
63061
63063
63065
63067
63069
63071
63073
63075
63077
63079
63081
63083
63085
63087
63089
63091
63093
63095
63097
63099
63101
63103
63105
63107
63109
63111
63113
63115
63117
63119
63121
63123
63125
63127
63129
63131
63133
63135
63137
63139
63141
63143
63145
63147
63149
63151
63153
63155
63157
63159
63161
63163
63165
63167
63169
63171
63173
63175
63177
63179
63181
63183
63185
63187
63189
63191
63193
63195
63197
63199
63201
63203
63205
63207
63209
63211
63213
63215
63217
63219
63221
63223
63225
63227
63229
63231
63233
63235
63237
63239
63241
63243
63245
63247
63249
63251
63253
63255
63257
63259
63261
63263
63265
63267
63269
63271
63273
63275
63277
63279
63281
63283
63285
63287
63289
63291
63293
63295
63297
63299
63301
63303
63305
63307
63309
63311
63313
63315
63317
63319
63321
63323
63325
63327
63329
63331
63333
63335
63337
63339
63341
63343
63345
63347
63349
63351
63353
63355
63357
63359
63361
63363
63365
63367
63369
63371
63373
63375
63377
63379
63381
63383
63385
63387
63389
63391
63393
63395
63397
63399
63401
63403
63405
63407
63409
63411
63413
63415
63417
63419
63421
63423
63425
63427
63429
63431
63433
63435
63437
63439
63441
63443
63445
63447
63449
63451
63453
63455
63457
63459
63461
63463
63465
63467
63469
63471
63473
63475
63477
63479
63481
63483
63485
63487
63489
63491
63493
63495
63497
63499
63501
63503
63505
63507
63509
63511
63513
63515
63517
63519
63521
63523
63525
63527
63529
63531
63533
63535
63537
63539
63541
63543
63545
63547
63549
63551
63553
63555
63557
63559
63561
63563
63565
63567
63569
63571
63573
63575
63577
63579
63581
63583
63585
63587
63589
63591
63593
63595
63597
63599
63601
63603
63605
63607
63609
63611
63613
63615
63617
63619
63621
63623
63625
63627
63629
63631
63633
63635
63637
63639
63641
63643
63645
63647
63649
63651
63653
63655
63657
63659
63661
63663
63665
63667
63669
63671
63673
63675
63677
63679
63681
63683
63685
63687
63689
63691
63693
63695
63697
63699
63701
63703
63705
63707
63709
63711
63713
63715
63717
63719
63721
63723
63725
63727
63729
63731
63733
63735
63737
63739
63741
63743
63745
63747
63749
63751
63753
63755
63757
63759
63761
63763
63765
63767
63769
63771
63773
63775
63777
63779
63781
63783
63785
63787
63789
63791
63793
63795
63797
63799
63801
63803
63805
63807
63809
63811
63813
63815
63817
63819
63821
63823
63825
63827
63829
63831
63833
63835
63837
63839
63841
63843
63845
63847
63849
63851
63853
63855
63857
63859
63861
63863
63865
63867
63869
63871
63873
63875
63877
63879
63881
63883
63885
63887
63889
63891
63893
63895
63897
63899
63901
63903
63905
63907
63909
63911
63913
63915
63917
63919
63921
63923
63925
63927
63929
63931
63933
63935
63937
63939
63941
63943
63945
63947
63949
63951
63953
63955
63957
63959
63961
63963
63965
63967
63969
63971
63973
63975
63977
63979
63981
63983
63985
63987
63989
63991
63993
63995
63997
63999
64001
64003
64005
64007
64009
64011
64013
64015
64017
64019
64021
64023
64025
64027
64029
64031
64033
64035
64037
64039
64041
64043
64045
64047
64049
64051
64053
64055
64057
64059
64061
64063
64065
64067
64069
64071
64073
64075
64077
64079
64081
64083
64085
64087
64089
64091
64093
64095
64097
64099
64101
64103
64105
64107
64109
64111
64113
64115
64117
64119
64121
64123
64125
64127
64129
64131
64133
64135
64137
64139
64141
64143
64145
64147
64149
64151
64153
64155
64157
64159
64161
64163
64165
64167
64169
64171
64173
64175
64177
64179
64181
64183
64185
64187
64189
64191
64193
64195
64197
64199
64201
64203
64205
64207
64209
64211
64213
64215
64217
64219
64221
64223
64225
64227
64229
64231
64233
64235
64237
64239
64241
64243
64245
64247
64249
64251
64253
64255
64257
64259
64261
64263
64265
64267
64269
64271
64273
64275
64277
64279
64281
64283
64285
64287
64289
64291
64293
64295
64297
64299
64301
64303
64305
64307
64309
64311
64313
64315
64317
64319
64321
64323
64325
64327
64329
64331
64333
64335
64337
64339
64341
64343
64345
64347
64349
64351
64353
64355
64357
64359
64361
64363
64365
64367
64369
64371
64373
64375
64377
64379
64381
64383
64385
64387
64389
64391
64393
64395
64397
64399
64401
64403
64405
64407
64409
64411
64413
64415
64417
64419
64421
64423
64425
64427
64429
64431
64433
64435
64437
64439
64441
64443
64445
64447
64449
64451
64453
64455
64457
64459
64461
64463
64465
64467
64469
64471
64473
64475
64477
64479
64481
64483
64485
64487
64489
64491
64493
64495
64497
64499
64501
64503
64505
64507
64509
64511
64513
64515
64517
64519
64521
64523
64525
64527
64529
64531
64533
64535
64537
64539
64541
64543
64545
64547
64549
64551
64553
64555
64557
64559
64561
64563
64565
64567
64569
64571
64573
64575
64577
64579
64581
64583
64585
64587
64589
64591
64593
64595
64597
64599
64601
64603
64605
64607
64609
64611
64613
64615
64617
64619
64621
64623
64625
64627
64629
64631
64633
64635
64637
64639
64641
64643
64645
64647
64649
64651
64653
64655
64657
64659
64661
64663
64665
64667
64669
64671
64673
64675
64677
64679
64681
64683
64685
64687
64689
64691
64693
64695
64697
64699
64701
64703
64705
64707
64709
64711
64713
64715
64717
64719
64721
64723
64725
64727
64729
64731
64733
64735
64737
64739
64741
64743
64745
64747
64749
64751
64753
64755
64757
64759
64761
64763
64765
64767
64769
64771
64773
64775
64777
64779
64781
64783
64785
64787
64789
64791
64793
64795
64797
64799
64801
64803
64805
64807
64809
64811
64813
64815
64817
64819
64821
64823
64825
64827
64829
64831
64833
64835
64837
64839
64841
64843
64845
64847
64849
64851
64853
64855
64857
64859
64861
64863
64865
64867
64869
64871
64873
64875
64877
64879
64881
64883
64885
64887
64889
64891
64893
64895
64897
64899
64901
64903
64905
64907
64909
64911
64913
64915
64917
64919
64921
64923
64925
64927
64929
64931
64933
64935
64937
64939
64941
64943
64945
64947
64949
64951
64953
64955
64957
64959
64961
64963
64965
64967
64969
64971
64973
64975
64977
64979
64981
64983
64985
64987
64989
64991
64993
64995
64997
64999
65001
65003
65005
65007
65009
65011
65013
65015
65017
65019
65021
65023
65025
65027
65029
65031
65033
65035
65037
65039
65041
65043
65045
65047
65049
65051
65053
65055
65057
65059
65061
65063
65065
65067
65069
65071
65073
65075
65077
65079
65081
65083
65085
65087
65089
65091
65093
65095
65097
65099
65101
65103
65105
65107
65109
65111
65113
65115
65117
65119
65121
65123
65125
65127
65129
65131
65133
65135
65137
65139
65141
65143
65145
65147
65149
65151
65153
65155
65157
65159
65161
65163
65165
65167
65169
65171
65173
65175
65177
65179
65181
65183
65185
65187
65189
65191
65193
65195
65197
65199
65201
65203
65205
65207
65209
65211
65213
65215
65217
65219
65221
65223
65225
65227
65229
65231
65233
65235
65237
65239
65241
65243
65245
65247
65249
65251
65253
65255
65257
65259
65261
65263
65265
65267
65269
65271
65273
65275
65277
65279
65281
65283
65285
65287
65289
65291
65293
65295
65297
65299
65301
65303
65305
65307
65309
65311
65313
65315
65317
65319
65321
65323
65325
65327
65329
65331
65333
65335
65337
65339
65341
65343
65345
65347
65349
65351
65353
65355
65357
65359
65361
65363
65365
65367
65369
65371
65373
65375
65377
65379
65381
65383
65385
65387
65389
65391
65393
65395
65397
65399
65401
65403
65405
65407
65409
65411
65413
65415
65417
65419
65421
65423
65425
65427
65429
65431
65433
65435
65437
65439
65441
65443
65445
65447
65449
65451
65453
65455
65457
65459
65461
65463
65465
65467
65469
65471
65473
65475
65477
65479
65481
65483
65485
65487
65489
65491
65493
65495
65497
65499
65501
65503
65505
65507
65509
65511
65513
65515
65517
65519
65521
65523
65525
65527
65529
65531
65533
65535
65537
65539
65541
65543
65545
65547
65549
65551
65553
65555
65557
65559
65561
65563
65565
65567
65569
65571
65573
65575
65577
65579
65581
65583
65585
65587
65589
65591
65593
65595
65597
65599
65601
65603
65605
65607
65609
65611
65613
65615
65617
65619
65621
65623
65625
65627
65629
65631
65633
65635
65637
65639
65641
65643
65645
65647
65649
65651
65653
65655
65657
65659
65661
65663
65665
65667
65669
65671
65673
65675
65677
65679
65681
65683
65685
65687
65689
65691
65693
65695
65697
65699
65701
65703
65705
65707
65709
65711
65713
65715
65717
65719
65721
65723
65725
65727
65729
65731
65733
65735
65737
65739
65741
65743
65745
65747
65749
65751
65753
65755
65757
65759
65761
65763
65765
65767
65769
65771
65773
65775
65777
65779
65781
65783
65785
65787
65789
65791
65793
65795
65797
65799
65801
65803
65805
65807
65809
65811
65813
65815
65817
65819
65821
65823
65825
65827
65829
65831
65833
65835
65837
65839
65841
65843
65845
65847
65849
65851
65853
65855
65857
65859
65861
65863
65865
65867
65869
65871
65873
65875
65877
65879
65881
65883
65885
65887
65889
65891
65893
65895
65897
65899
65901
65903
65905
65907
65909
65911
65913
65915
65917
65919
65921
65923
65925
65927
65929
65931
65933
65935
65937
65939
65941
65943
65945
65947
65949
65951
65953
65955
65957
65959
65961
65963
65965
65967
65969
65971
65973
65975
65977
65979
65981
65983
65985
65987
65989
65991
65993
65995
65997
65999
66001
66003
66005
66007
66009
66011
66013
66015
66017
66019
66021
66023
66025
66027
66029
66031
66033
66035
66037
66039
66041
66043
66045
66047
66049
66051
66053
66055
66057
66059
66061
66063
66065
66067
66069
66071
66073
66075
66077
66079
66081
66083
66085
66087
66089
66091
66093
66095
66097
66099
66101
66103
66105
66107
66109
66111
66113
66115
66117
66119
66121
66123
66125
66127
66129
66131
66133
66135
66137
66139
66141
66143
66145
66147
66149
66151
66153
66155
66157
66159
66161
66163
66165
66167
66169
66171
66173
66175
66177
66179
66181
66183
66185
66187
66189
66191
66193
66195
66197
66199
66201
66203
66205
66207
66209
66211
66213
66215
66217
66219
66221
66223
66225
66227
66229
66231
66233
66235
66237
66239
66241
66243
66245
66247
66249
66251
66253
66255
66257
66259
66261
66263
66265
66267
66269
66271
66273
66275
66277
66279
66281
66283
66285
66287
66289
66291
66293
66295
66297
66299
66301
66303
66305
66307
66309
66311
66313
66315
66317
66319
66321
66323
66325
66327
66329
66331
66333
66335
66337
66339
66341
66343
66345
66347
66349
66351
66353
66355
66357
66359
66361
66363
66365
66367
66369
66371
66373
66375
66377
66379
66381
66383
66385
66387
66389
66391
66393
66395
66397
66399
66401
66403
66405
66407
66409
66411
66413
66415
66417
66419
66421
66423
66425
66427
66429
66431
66433
66435
66437
66439
66441
66443
66445
66447
66449
66451
66453
66455
66457
66459
66461
66463
66465
66467
66469
66471
66473
66475
66477
66479
66481
66483
66485
66487
66489
66491
66493
66495
66497
66499
66501
66503
66505
66507
66509
66511
66513
66515
66517
66519
66521
66523
66525
66527
66529
66531
66533
66535
66537
66539
66541
66543
66545
66547
66549
66551
66553
66555
66557
66559
66561
66563
66565
66567
66569
66571
66573
66575
66577
66579
66581
66583
66585
66587
66589
66591
66593
66595
66597
66599
66601
66603
66605
66607
66609
66611
66613
66615
66617
66619
66621
66623
66625
66627
66629
66631
66633
66635
66637
66639
66641
66643
66645
66647
66649
66651
66653
66655
66657
66659
66661
66663
66665
66667
66669
66671
66673
66675
66677
66679
66681
66683
66685
66687
66689
66691
66693
66695
66697
66699
66701
66703
66705
66707
66709
66711
66713
66715
66717
66719
66721
66723
66725
66727
66729
66731
66733
66735
66737
66739
66741
66743
66745
66747
66749
66751
66753
66755
66757
66759
66761
66763
66765
66767
66769
66771
66773
66775
66777
66779
66781
66783
66785
66787
66789
66791
66793
66795
66797
66799
66801
66803
66805
66807
66809
66811
66813
66815
66817
66819
66821
66823
66825
66827
66829
66831
66833
66835
66837
66839
66841
66843
66845
66847
66849
66851
66853
66855
66857
66859
66861
66863
66865
66867
66869
66871
66873
66875
66877
66879
66881
66883
66885
66887
66889
66891
66893
66895
66897
66899
66901
66903
66905
66907
66909
66911
66913
66915
66917
66919
66921
66923
66925
66927
66929
66931
66933
66935
66937
66939
66941
66943
66945
66947
66949
66951
66953
66955
66957
66959
66961
66963
66965
66967
66969
66971
66973
66975
66977
66979
66981
66983
66985
66987
66989
66991
66993
66995
66997
66999
67001
67003
67005
67007
67009
67011
67013
67015
67017
67019
67021
67023
67025
67027
67029
67031
67033
67035
67037
67039
67041
67043
67045
67047
67049
67051
67053
67055
67057
67059
67061
67063
67065
67067
67069
67071
67073
67075
67077
67079
67081
67083
67085
67087
67089
67091
67093
67095
67097
67099
67101
67103
67105
67107
67109
67111
67113
67115
67117
67119
67121
67123
67125
67127
67129
67131
67133
67135
67137
67139
67141
67143
67145
67147
67149
67151
67153
67155
67157
67159
67161
67163
67165
67167
67169
67171
67173
67175
67177
67179
67181
67183
67185
67187
67189
67191
67193
67195
67197
67199
67201
67203
67205
67207
67209
67211
67213
67215
67217
67219
67221
67223
67225
67227
67229
67231
67233
67235
67237
67239
67241
67243
67245
67247
67249
67251
67253
67255
67257
67259
67261
67263
67265
67267
67269
67271
67273
67275
67277
67279
67281
67283
67285
67287
67289
67291
67293
67295
67297
67299
67301
67303
67305
67307
67309
67311
67313
67315
67317
67319
67321
67323
67325
67327
67329
67331
67333
67335
67337
67339
67341
67343
67345
67347
67349
67351
67353
67355
67357
67359
67361
67363
67365
67367
67369
67371
67373
67375
67377
67379
67381
67383
67385
67387
67389
67391
67393
67395
67397
67399
67401
67403
67405
67407
67409
67411
67413
67415
67417
67419
67421
67423
67425
67427
67429
67431
67433
67435
67437
67439
67441
67443
67445
67447
67449
67451
67453
67455
67457
67459
67461
67463
67465
67467
67469
67471
67473
67475
67477
67479
67481
67483
67485
67487
67489
67491
67493
67495
67497
67499
67501
67503
67505
67507
67509
67511
67513
67515
67517
67519
67521
67523
67525
67527
67529
67531
67533
67535
67537
67539
67541
67543
67545
67547
67549
67551
67553
67555
67557
67559
67561
67563
67565
67567
67569
67571
67573
67575
67577
67579
67581
67583
67585
67587
67589
67591
67593
67595
67597
67599
67601
67603
67605
67607
67609
67611
67613
67615
67617
67619
67621
67623
67625
67627
67629
67631
67633
67635
67637
67639
67641
67643
67645
67647
67649
67651
67653
67655
67657
67659
67661
67663
67665
67667
67669
67671
67673
67675
67677
67679
67681
67683
67685
67687
67689
67691
67693
67695
67697
67699
67701
67703
67705
67707
67709
67711
67713
67715
67717
67719
67721
67723
67725
67727
67729
67731
67733
67735
67737
67739
67741
67743
67745
67747
67749
67751
67753
67755
67757
67759
67761
67763
67765
67767
67769
67771
67773
67775
67777
67779
67781
67783
67785
67787
67789
67791
67793
67795
67797
67799
67801
67803
67805
67807
67809
67811
67813
67815
67817
67819
67821
67823
67825
67827
67829
67831
67833
67835
67837
67839
67841
67843
67845
67847
67849
67851
67853
67855
67857
67859
67861
67863
67865
67867
67869
67871
67873
67875
67877
67879
67881
67883
67885
67887
67889
67891
67893
67895
67897
67899
67901
67903
67905
67907
67909
67911
67913
67915
67917
67919
67921
67923
67925
67927
67929
67931
67933
67935
67937
67939
67941
67943
67945
67947
67949
67951
67953
67955
67957
67959
67961
67963
67965
67967
67969
67971
67973
67975
67977
67979
67981
67983
67985
67987
67989
67991
67993
67995
67997
67999
68001
68003
68005
68007
68009
68011
68013
68015
68017
68019
68021
68023
68025
68027
68029
68031
68033
68035
68037
68039
68041
68043
68045
68047
68049
68051
68053
68055
68057
68059
68061
68063
68065
68067
68069
68071
68073
68075
68077
68079
68081
68083
68085
68087
68089
68091
68093
68095
68097
68099
68101
68103
68105
68107
68109
68111
68113
68115
68117
68119
68121
68123
68125
68127
68129
68131
68133
68135
68137
68139
68141
68143
68145
68147
68149
68151
68153
68155
68157
68159
68161
68163
68165
68167
68169
68171
68173
68175
68177
68179
68181
68183
68185
68187
68189
68191
68193
68195
68197
68199
68201
68203
68205
68207
68209
68211
68213
68215
68217
68219
68221
68223
68225
68227
68229
68231
68233
68235
68237
68239
68241
68243
68245
68247
68249
68251
68253
68255
68257
68259
68261
68263
68265
68267
68269
68271
68273
68275
68277
68279
68281
68283
68285
68287
68289
68291
68293
68295
68297
68299
68301
68303
68305
68307
68309
68311
68313
68315
68317
68319
68321
68323
68325
68327
68329
68331
68333
68335
68337
68339
68341
68343
68345
68347
68349
68351
68353
68355
68357
68359
68361
68363
68365
68367
68369
68371
68373
68375
68377
68379
68381
68383
68385
68387
68389
68391
68393
68395
68397
68399
68401
68403
68405
68407
68409
68411
68413
68415
68417
68419
68421
68423
68425
68427
68429
68431
68433
68435
68437
68439
68441
68443
68445
68447
68449
68451
68453
68455
68457
68459
68461
68463
68465
68467
68469
68471
68473
68475
68477
68479
68481
68483
68485
68487
68489
68491
68493
68495
68497
68499
68501
68503
68505
68507
68509
68511
68513
68515
68517
68519
68521
68523
68525
68527
68529
68531
68533
68535
68537
68539
68541
68543
68545
68547
68549
68551
68553
68555
68557
68559
68561
68563
68565
68567
68569
68571
68573
68575
68577
68579
68581
68583
68585
68587
68589
68591
68593
68595
68597
68599
68601
68603
68605
68607
68609
68611
68613
68615
68617
68619
68621
68623
68625
68627
68629
68631
68633
68635
68637
68639
68641
68643
68645
68647
68649
68651
68653
68655
68657
68659
68661
68663
68665
68667
68669
68671
68673
68675
68677
68679
68681
68683
68685
68687
68689
68691
68693
68695
68697
68699
68701
68703
68705
68707
68709
68711
68713
68715
68717
68719
68721
68723
68725
68727
68729
68731
68733
68735
68737
68739
68741
68743
68745
68747
68749
68751
68753
68755
68757
68759
68761
68763
68765
68767
68769
68771
68773
68775
68777
68779
68781
68783
68785
68787
68789
68791
68793
68795
68797
68799
68801
68803
68805
68807
68809
68811
68813
68815
68817
68819
68821
68823
68825
68827
68829
68831
68833
68835
68837
68839
68841
68843
68845
68847
68849
68851
68853
68855
68857
68859
68861
68863
68865
68867
68869
68871
68873
68875
68877
68879
68881
68883
68885
68887
68889
68891
68893
68895
68897
68899
68901
68903
68905
68907
68909
68911
68913
68915
68917
68919
68921
68923
68925
68927
68929
68931
68933
68935
68937
68939
68941
68943
68945
68947
68949
68951
68953
68955
68957
68959
68961
68963
68965
68967
68969
68971
68973
68975
68977
68979
68981
68983
68985
68987
68989
68991
68993
68995
68997
68999
69001
69003
69005
69007
69009
69011
69013
69015
69017
69019
69021
69023
69025
69027
69029
69031
69033
69035
69037
69039
69041
69043
69045
69047
69049
69051
69053
69055
69057
69059
69061
69063
69065
69067
69069
69071
69073
69075
69077
69079
69081
69083
69085
69087
69089
69091
69093
69095
69097
69099
69101
69103
69105
69107
69109
69111
69113
69115
69117
69119
69121
69123
69125
69127
69129
69131
69133
69135
69137
69139
69141
69143
69145
69147
69149
69151
69153
69155
69157
69159
69161
69163
69165
69167
69169
69171
69173
69175
69177
69179
69181
69183
69185
69187
69189
69191
69193
69195
69197
69199
69201
69203
69205
69207
69209
69211
69213
69215
69217
69219
69221
69223
69225
69227
69229
69231
69233
69235
69237
69239
69241
69243
69245
69247
69249
69251
69253
69255
69257
69259
69261
69263
69265
69267
69269
69271
69273
69275
69277
69279
69281
69283
69285
69287
69289
69291
69293
69295
69297
69299
69301
69303
69305
69307
69309
69311
69313
69315
69317
69319
69321
69323
69325
69327
69329
69331
69333
69335
69337
69339
69341
69343
69345
69347
69349
69351
69353
69355
69357
69359
69361
69363
69365
69367
69369
69371
69373
69375
69377
69379
69381
69383
69385
69387
69389
69391
69393
69395
69397
69399
69401
69403
69405
69407
69409
69411
69413
69415
69417
69419
69421
69423
69425
69427
69429
69431
69433
69435
69437
69439
69441
69443
69445
69447
69449
69451
69453
69455
69457
69459
69461
69463
69465
69467
69469
69471
69473
69475
69477
69479
69481
69483
69485
69487
69489
69491
69493
69495
69497
69499
69501
69503
69505
69507
69509
69511
69513
69515
69517
69519
69521
69523
69525
69527
69529
69531
69533
69535
69537
69539
69541
69543
69545
69547
69549
69551
69553
69555
69557
69559
69561
69563
69565
69567
69569
69571
69573
69575
69577
69579
69581
69583
69585
69587
69589
69591
69593
69595
69597
69599
69601
69603
69605
69607
69609
69611
69613
69615
69617
69619
69621
69623
69625
69627
69629
69631
69633
69635
69637
69639
69641
69643
69645
69647
69649
69651
69653
69655
69657
69659
69661
69663
69665
69667
69669
69671
69673
69675
69677
69679
69681
69683
69685
69687
69689
69691
69693
69695
69697
69699
69701
69703
69705
69707
69709
69711
69713
69715
69717
69719
69721
69723
69725
69727
69729
69731
69733
69735
69737
69739
69741
69743
69745
69747
69749
69751
69753
69755
69757
69759
69761
69763
69765
69767
69769
69771
69773
69775
69777
69779
69781
69783
69785
69787
69789
69791
69793
69795
69797
69799
69801
69803
69805
69807
69809
69811
69813
69815
69817
69819
69821
69823
69825
69827
69829
69831
69833
69835
69837
69839
69841
69843
69845
69847
69849
69851
69853
69855
69857
69859
69861
69863
69865
69867
69869
69871
69873
69875
69877
69879
69881
69883
69885
69887
69889
69891
69893
69895
69897
69899
69901
69903
69905
69907
69909
69911
69913
69915
69917
69919
69921
69923
69925
69927
69929
69931
69933
69935
69937
69939
69941
69943
69945
69947
69949
69951
69953
69955
69957
69959
69961
69963
69965
69967
69969
69971
69973
69975
69977
69979
69981
69983
69985
69987
69989
69991
69993
69995
69997
69999
