70001
70003
70005
70007
70009
70011
70013
70015
70017
70019
70021
70023
70025
70027
70029
70031
70033
70035
70037
70039
70041
70043
70045
70047
70049
70051
70053
70055
70057
70059
70061
70063
70065
70067
70069
70071
70073
70075
70077
70079
70081
70083
70085
70087
70089
70091
70093
70095
70097
70099
70101
70103
70105
70107
70109
70111
70113
70115
70117
70119
70121
70123
70125
70127
70129
70131
70133
70135
70137
70139
70141
70143
70145
70147
70149
70151
70153
70155
70157
70159
70161
70163
70165
70167
70169
70171
70173
70175
70177
70179
70181
70183
70185
70187
70189
70191
70193
70195
70197
70199
70201
70203
70205
70207
70209
70211
70213
70215
70217
70219
70221
70223
70225
70227
70229
70231
70233
70235
70237
70239
70241
70243
70245
70247
70249
70251
70253
70255
70257
70259
70261
70263
70265
70267
70269
70271
70273
70275
70277
70279
70281
70283
70285
70287
70289
70291
70293
70295
70297
70299
70301
70303
70305
70307
70309
70311
70313
70315
70317
70319
70321
70323
70325
70327
70329
70331
70333
70335
70337
70339
70341
70343
70345
70347
70349
70351
70353
70355
70357
70359
70361
70363
70365
70367
70369
70371
70373
70375
70377
70379
70381
70383
70385
70387
70389
70391
70393
70395
70397
70399
70401
70403
70405
70407
70409
70411
70413
70415
70417
70419
70421
70423
70425
70427
70429
70431
70433
70435
70437
70439
70441
70443
70445
70447
70449
70451
70453
70455
70457
70459
70461
70463
70465
70467
70469
70471
70473
70475
70477
70479
70481
70483
70485
70487
70489
70491
70493
70495
70497
70499
70501
70503
70505
70507
70509
70511
70513
70515
70517
70519
70521
70523
70525
70527
70529
70531
70533
70535
70537
70539
70541
70543
70545
70547
70549
70551
70553
70555
70557
70559
70561
70563
70565
70567
70569
70571
70573
70575
70577
70579
70581
70583
70585
70587
70589
70591
70593
70595
70597
70599
70601
70603
70605
70607
70609
70611
70613
70615
70617
70619
70621
70623
70625
70627
70629
70631
70633
70635
70637
70639
70641
70643
70645
70647
70649
70651
70653
70655
70657
70659
70661
70663
70665
70667
70669
70671
70673
70675
70677
70679
70681
70683
70685
70687
70689
70691
70693
70695
70697
70699
70701
70703
70705
70707
70709
70711
70713
70715
70717
70719
70721
70723
70725
70727
70729
70731
70733
70735
70737
70739
70741
70743
70745
70747
70749
70751
70753
70755
70757
70759
70761
70763
70765
70767
70769
70771
70773
70775
70777
70779
70781
70783
70785
70787
70789
70791
70793
70795
70797
70799
70801
70803
70805
70807
70809
70811
70813
70815
70817
70819
70821
70823
70825
70827
70829
70831
70833
70835
70837
70839
70841
70843
70845
70847
70849
70851
70853
70855
70857
70859
70861
70863
70865
70867
70869
70871
70873
70875
70877
70879
70881
70883
70885
70887
70889
70891
70893
70895
70897
70899
70901
70903
70905
70907
70909
70911
70913
70915
70917
70919
70921
70923
70925
70927
70929
70931
70933
70935
70937
70939
70941
70943
70945
70947
70949
70951
70953
70955
70957
70959
70961
70963
70965
70967
70969
70971
70973
70975
70977
70979
70981
70983
70985
70987
70989
70991
70993
70995
70997
70999
71001
71003
71005
71007
71009
71011
71013
71015
71017
71019
71021
71023
71025
71027
71029
71031
71033
71035
71037
71039
71041
71043
71045
71047
71049
71051
71053
71055
71057
71059
71061
71063
71065
71067
71069
71071
71073
71075
71077
71079
71081
71083
71085
71087
71089
71091
71093
71095
71097
71099
71101
71103
71105
71107
71109
71111
71113
71115
71117
71119
71121
71123
71125
71127
71129
71131
71133
71135
71137
71139
71141
71143
71145
71147
71149
71151
71153
71155
71157
71159
71161
71163
71165
71167
71169
71171
71173
71175
71177
71179
71181
71183
71185
71187
71189
71191
71193
71195
71197
71199
71201
71203
71205
71207
71209
71211
71213
71215
71217
71219
71221
71223
71225
71227
71229
71231
71233
71235
71237
71239
71241
71243
71245
71247
71249
71251
71253
71255
71257
71259
71261
71263
71265
71267
71269
71271
71273
71275
71277
71279
71281
71283
71285
71287
71289
71291
71293
71295
71297
71299
71301
71303
71305
71307
71309
71311
71313
71315
71317
71319
71321
71323
71325
71327
71329
71331
71333
71335
71337
71339
71341
71343
71345
71347
71349
71351
71353
71355
71357
71359
71361
71363
71365
71367
71369
71371
71373
71375
71377
71379
71381
71383
71385
71387
71389
71391
71393
71395
71397
71399
71401
71403
71405
71407
71409
71411
71413
71415
71417
71419
71421
71423
71425
71427
71429
71431
71433
71435
71437
71439
71441
71443
71445
71447
71449
71451
71453
71455
71457
71459
71461
71463
71465
71467
71469
71471
71473
71475
71477
71479
71481
71483
71485
71487
71489
71491
71493
71495
71497
71499
71501
71503
71505
71507
71509
71511
71513
71515
71517
71519
71521
71523
71525
71527
71529
71531
71533
71535
71537
71539
71541
71543
71545
71547
71549
71551
71553
71555
71557
71559
71561
71563
71565
71567
71569
71571
71573
71575
71577
71579
71581
71583
71585
71587
71589
71591
71593
71595
71597
71599
71601
71603
71605
71607
71609
71611
71613
71615
71617
71619
71621
71623
71625
71627
71629
71631
71633
71635
71637
71639
71641
71643
71645
71647
71649
71651
71653
71655
71657
71659
71661
71663
71665
71667
71669
71671
71673
71675
71677
71679
71681
71683
71685
71687
71689
71691
71693
71695
71697
71699
71701
71703
71705
71707
71709
71711
71713
71715
71717
71719
71721
71723
71725
71727
71729
71731
71733
71735
71737
71739
71741
71743
71745
71747
71749
71751
71753
71755
71757
71759
71761
71763
71765
71767
71769
71771
71773
71775
71777
71779
71781
71783
71785
71787
71789
71791
71793
71795
71797
71799
71801
71803
71805
71807
71809
71811
71813
71815
71817
71819
71821
71823
71825
71827
71829
71831
71833
71835
71837
71839
71841
71843
71845
71847
71849
71851
71853
71855
71857
71859
71861
71863
71865
71867
71869
71871
71873
71875
71877
71879
71881
71883
71885
71887
71889
71891
71893
71895
71897
71899
71901
71903
71905
71907
71909
71911
71913
71915
71917
71919
71921
71923
71925
71927
71929
71931
71933
71935
71937
71939
71941
71943
71945
71947
71949
71951
71953
71955
71957
71959
71961
71963
71965
71967
71969
71971
71973
71975
71977
71979
71981
71983
71985
71987
71989
71991
71993
71995
71997
71999
72001
72003
72005
72007
72009
72011
72013
72015
72017
72019
72021
72023
72025
72027
72029
72031
72033
72035
72037
72039
72041
72043
72045
72047
72049
72051
72053
72055
72057
72059
72061
72063
72065
72067
72069
72071
72073
72075
72077
72079
72081
72083
72085
72087
72089
72091
72093
72095
72097
72099
72101
72103
72105
72107
72109
72111
72113
72115
72117
72119
72121
72123
72125
72127
72129
72131
72133
72135
72137
72139
72141
72143
72145
72147
72149
72151
72153
72155
72157
72159
72161
72163
72165
72167
72169
72171
72173
72175
72177
72179
72181
72183
72185
72187
72189
72191
72193
72195
72197
72199
72201
72203
72205
72207
72209
72211
72213
72215
72217
72219
72221
72223
72225
72227
72229
72231
72233
72235
72237
72239
72241
72243
72245
72247
72249
72251
72253
72255
72257
72259
72261
72263
72265
72267
72269
72271
72273
72275
72277
72279
72281
72283
72285
72287
72289
72291
72293
72295
72297
72299
72301
72303
72305
72307
72309
72311
72313
72315
72317
72319
72321
72323
72325
72327
72329
72331
72333
72335
72337
72339
72341
72343
72345
72347
72349
72351
72353
72355
72357
72359
72361
72363
72365
72367
72369
72371
72373
72375
72377
72379
72381
72383
72385
72387
72389
72391
72393
72395
72397
72399
72401
72403
72405
72407
72409
72411
72413
72415
72417
72419
72421
72423
72425
72427
72429
72431
72433
72435
72437
72439
72441
72443
72445
72447
72449
72451
72453
72455
72457
72459
72461
72463
72465
72467
72469
72471
72473
72475
72477
72479
72481
72483
72485
72487
72489
72491
72493
72495
72497
72499
72501
72503
72505
72507
72509
72511
72513
72515
72517
72519
72521
72523
72525
72527
72529
72531
72533
72535
72537
72539
72541
72543
72545
72547
72549
72551
72553
72555
72557
72559
72561
72563
72565
72567
72569
72571
72573
72575
72577
72579
72581
72583
72585
72587
72589
72591
72593
72595
72597
72599
72601
72603
72605
72607
72609
72611
72613
72615
72617
72619
72621
72623
72625
72627
72629
72631
72633
72635
72637
72639
72641
72643
72645
72647
72649
72651
72653
72655
72657
72659
72661
72663
72665
72667
72669
72671
72673
72675
72677
72679
72681
72683
72685
72687
72689
72691
72693
72695
72697
72699
72701
72703
72705
72707
72709
72711
72713
72715
72717
72719
72721
72723
72725
72727
72729
72731
72733
72735
72737
72739
72741
72743
72745
72747
72749
72751
72753
72755
72757
72759
72761
72763
72765
72767
72769
72771
72773
72775
72777
72779
72781
72783
72785
72787
72789
72791
72793
72795
72797
72799
72801
72803
72805
72807
72809
72811
72813
72815
72817
72819
72821
72823
72825
72827
72829
72831
72833
72835
72837
72839
72841
72843
72845
72847
72849
72851
72853
72855
72857
72859
72861
72863
72865
72867
72869
72871
72873
72875
72877
72879
72881
72883
72885
72887
72889
72891
72893
72895
72897
72899
72901
72903
72905
72907
72909
72911
72913
72915
72917
72919
72921
72923
72925
72927
72929
72931
72933
72935
72937
72939
72941
72943
72945
72947
72949
72951
72953
72955
72957
72959
72961
72963
72965
72967
72969
72971
72973
72975
72977
72979
72981
72983
72985
72987
72989
72991
72993
72995
72997
72999
73001
73003
73005
73007
73009
73011
73013
73015
73017
73019
73021
73023
73025
73027
73029
73031
73033
73035
73037
73039
73041
73043
73045
73047
73049
73051
73053
73055
73057
73059
73061
73063
73065
73067
73069
73071
73073
73075
73077
73079
73081
73083
73085
73087
73089
73091
73093
73095
73097
73099
73101
73103
73105
73107
73109
73111
73113
73115
73117
73119
73121
73123
73125
73127
73129
73131
73133
73135
73137
73139
73141
73143
73145
73147
73149
73151
73153
73155
73157
73159
73161
73163
73165
73167
73169
73171
73173
73175
73177
73179
73181
73183
73185
73187
73189
73191
73193
73195
73197
73199
73201
73203
73205
73207
73209
73211
73213
73215
73217
73219
73221
73223
73225
73227
73229
73231
73233
73235
73237
73239
73241
73243
73245
73247
73249
73251
73253
73255
73257
73259
73261
73263
73265
73267
73269
73271
73273
73275
73277
73279
73281
73283
73285
73287
73289
73291
73293
73295
73297
73299
73301
73303
73305
73307
73309
73311
73313
73315
73317
73319
73321
73323
73325
73327
73329
73331
73333
73335
73337
73339
73341
73343
73345
73347
73349
73351
73353
73355
73357
73359
73361
73363
73365
73367
73369
73371
73373
73375
73377
73379
73381
73383
73385
73387
73389
73391
73393
73395
73397
73399
73401
73403
73405
73407
73409
73411
73413
73415
73417
73419
73421
73423
73425
73427
73429
73431
73433
73435
73437
73439
73441
73443
73445
73447
73449
73451
73453
73455
73457
73459
73461
73463
73465
73467
73469
73471
73473
73475
73477
73479
73481
73483
73485
73487
73489
73491
73493
73495
73497
73499
73501
73503
73505
73507
73509
73511
73513
73515
73517
73519
73521
73523
73525
73527
73529
73531
73533
73535
73537
73539
73541
73543
73545
73547
73549
73551
73553
73555
73557
73559
73561
73563
73565
73567
73569
73571
73573
73575
73577
73579
73581
73583
73585
73587
73589
73591
73593
73595
73597
73599
73601
73603
73605
73607
73609
73611
73613
73615
73617
73619
73621
73623
73625
73627
73629
73631
73633
73635
73637
73639
73641
73643
73645
73647
73649
73651
73653
73655
73657
73659
73661
73663
73665
73667
73669
73671
73673
73675
73677
73679
73681
73683
73685
73687
73689
73691
73693
73695
73697
73699
73701
73703
73705
73707
73709
73711
73713
73715
73717
73719
73721
73723
73725
73727
73729
73731
73733
73735
73737
73739
73741
73743
73745
73747
73749
73751
73753
73755
73757
73759
73761
73763
73765
73767
73769
73771
73773
73775
73777
73779
73781
73783
73785
73787
73789
73791
73793
73795
73797
73799
73801
73803
73805
73807
73809
73811
73813
73815
73817
73819
73821
73823
73825
73827
73829
73831
73833
73835
73837
73839
73841
73843
73845
73847
73849
73851
73853
73855
73857
73859
73861
73863
73865
73867
73869
73871
73873
73875
73877
73879
73881
73883
73885
73887
73889
73891
73893
73895
73897
73899
73901
73903
73905
73907
73909
73911
73913
73915
73917
73919
73921
73923
73925
73927
73929
73931
73933
73935
73937
73939
73941
73943
73945
73947
73949
73951
73953
73955
73957
73959
73961
73963
73965
73967
73969
73971
73973
73975
73977
73979
73981
73983
73985
73987
73989
73991
73993
73995
73997
73999
74001
74003
74005
74007
74009
74011
74013
74015
74017
74019
74021
74023
74025
74027
74029
74031
74033
74035
74037
74039
74041
74043
74045
74047
74049
74051
74053
74055
74057
74059
74061
74063
74065
74067
74069
74071
74073
74075
74077
74079
74081
74083
74085
74087
74089
74091
74093
74095
74097
74099
74101
74103
74105
74107
74109
74111
74113
74115
74117
74119
74121
74123
74125
74127
74129
74131
74133
74135
74137
74139
74141
74143
74145
74147
74149
74151
74153
74155
74157
74159
74161
74163
74165
74167
74169
74171
74173
74175
74177
74179
74181
74183
74185
74187
74189
74191
74193
74195
74197
74199
74201
74203
74205
74207
74209
74211
74213
74215
74217
74219
74221
74223
74225
74227
74229
74231
74233
74235
74237
74239
74241
74243
74245
74247
74249
74251
74253
74255
74257
74259
74261
74263
74265
74267
74269
74271
74273
74275
74277
74279
74281
74283
74285
74287
74289
74291
74293
74295
74297
74299
74301
74303
74305
74307
74309
74311
74313
74315
74317
74319
74321
74323
74325
74327
74329
74331
74333
74335
74337
74339
74341
74343
74345
74347
74349
74351
74353
74355
74357
74359
74361
74363
74365
74367
74369
74371
74373
74375
74377
74379
74381
74383
74385
74387
74389
74391
74393
74395
74397
74399
74401
74403
74405
74407
74409
74411
74413
74415
74417
74419
74421
74423
74425
74427
74429
74431
74433
74435
74437
74439
74441
74443
74445
74447
74449
74451
74453
74455
74457
74459
74461
74463
74465
74467
74469
74471
74473
74475
74477
74479
74481
74483
74485
74487
74489
74491
74493
74495
74497
74499
74501
74503
74505
74507
74509
74511
74513
74515
74517
74519
74521
74523
74525
74527
74529
74531
74533
74535
74537
74539
74541
74543
74545
74547
74549
74551
74553
74555
74557
74559
74561
74563
74565
74567
74569
74571
74573
74575
74577
74579
74581
74583
74585
74587
74589
74591
74593
74595
74597
74599
74601
74603
74605
74607
74609
74611
74613
74615
74617
74619
74621
74623
74625
74627
74629
74631
74633
74635
74637
74639
74641
74643
74645
74647
74649
74651
74653
74655
74657
74659
74661
74663
74665
74667
74669
74671
74673
74675
74677
74679
74681
74683
74685
74687
74689
74691
74693
74695
74697
74699
74701
74703
74705
74707
74709
74711
74713
74715
74717
74719
74721
74723
74725
74727
74729
74731
74733
74735
74737
74739
74741
74743
74745
74747
74749
74751
74753
74755
74757
74759
74761
74763
74765
74767
74769
74771
74773
74775
74777
74779
74781
74783
74785
74787
74789
74791
74793
74795
74797
74799
74801
74803
74805
74807
74809
74811
74813
74815
74817
74819
74821
74823
74825
74827
74829
74831
74833
74835
74837
74839
74841
74843
74845
74847
74849
74851
74853
74855
74857
74859
74861
74863
74865
74867
74869
74871
74873
74875
74877
74879
74881
74883
74885
74887
74889
74891
74893
74895
74897
74899
74901
74903
74905
74907
74909
74911
74913
74915
74917
74919
74921
74923
74925
74927
74929
74931
74933
74935
74937
74939
74941
74943
74945
74947
74949
74951
74953
74955
74957
74959
74961
74963
74965
74967
74969
74971
74973
74975
74977
74979
74981
74983
74985
74987
74989
74991
74993
74995
74997
74999
75001
75003
75005
75007
75009
75011
75013
75015
75017
75019
75021
75023
75025
75027
75029
75031
75033
75035
75037
75039
75041
75043
75045
75047
75049
75051
75053
75055
75057
75059
75061
75063
75065
75067
75069
75071
75073
75075
75077
75079
75081
75083
75085
75087
75089
75091
75093
75095
75097
75099
75101
75103
75105
75107
75109
75111
75113
75115
75117
75119
75121
75123
75125
75127
75129
75131
75133
75135
75137
75139
75141
75143
75145
75147
75149
75151
75153
75155
75157
75159
75161
75163
75165
75167
75169
75171
75173
75175
75177
75179
75181
75183
75185
75187
75189
75191
75193
75195
75197
75199
75201
75203
75205
75207
75209
75211
75213
75215
75217
75219
75221
75223
75225
75227
75229
75231
75233
75235
75237
75239
75241
75243
75245
75247
75249
75251
75253
75255
75257
75259
75261
75263
75265
75267
75269
75271
75273
75275
75277
75279
75281
75283
75285
75287
75289
75291
75293
75295
75297
75299
75301
75303
75305
75307
75309
75311
75313
75315
75317
75319
75321
75323
75325
75327
75329
75331
75333
75335
75337
75339
75341
75343
75345
75347
75349
75351
75353
75355
75357
75359
75361
75363
75365
75367
75369
75371
75373
75375
75377
75379
75381
75383
75385
75387
75389
75391
75393
75395
75397
75399
75401
75403
75405
75407
75409
75411
75413
75415
75417
75419
75421
75423
75425
75427
75429
75431
75433
75435
75437
75439
75441
75443
75445
75447
75449
75451
75453
75455
75457
75459
75461
75463
75465
75467
75469
75471
75473
75475
75477
75479
75481
75483
75485
75487
75489
75491
75493
75495
75497
75499
75501
75503
75505
75507
75509
75511
75513
75515
75517
75519
75521
75523
75525
75527
75529
75531
75533
75535
75537
75539
75541
75543
75545
75547
75549
75551
75553
75555
75557
75559
75561
75563
75565
75567
75569
75571
75573
75575
75577
75579
75581
75583
75585
75587
75589
75591
75593
75595
75597
75599
75601
75603
75605
75607
75609
75611
75613
75615
75617
75619
75621
75623
75625
75627
75629
75631
75633
75635
75637
75639
75641
75643
75645
75647
75649
75651
75653
75655
75657
75659
75661
75663
75665
75667
75669
75671
75673
75675
75677
75679
75681
75683
75685
75687
75689
75691
75693
75695
75697
75699
75701
75703
75705
75707
75709
75711
75713
75715
75717
75719
75721
75723
75725
75727
75729
75731
75733
75735
75737
75739
75741
75743
75745
75747
75749
75751
75753
75755
75757
75759
75761
75763
75765
75767
75769
75771
75773
75775
75777
75779
75781
75783
75785
75787
75789
75791
75793
75795
75797
75799
75801
75803
75805
75807
75809
75811
75813
75815
75817
75819
75821
75823
75825
75827
75829
75831
75833
75835
75837
75839
75841
75843
75845
75847
75849
75851
75853
75855
75857
75859
75861
75863
75865
75867
75869
75871
75873
75875
75877
75879
75881
75883
75885
75887
75889
75891
75893
75895
75897
75899
75901
75903
75905
75907
75909
75911
75913
75915
75917
75919
75921
75923
75925
75927
75929
75931
75933
75935
75937
75939
75941
75943
75945
75947
75949
75951
75953
75955
75957
75959
75961
75963
75965
75967
75969
75971
75973
75975
75977
75979
75981
75983
75985
75987
75989
75991
75993
75995
75997
75999
76001
76003
76005
76007
76009
76011
76013
76015
76017
76019
76021
76023
76025
76027
76029
76031
76033
76035
76037
76039
76041
76043
76045
76047
76049
76051
76053
76055
76057
76059
76061
76063
76065
76067
76069
76071
76073
76075
76077
76079
76081
76083
76085
76087
76089
76091
76093
76095
76097
76099
76101
76103
76105
76107
76109
76111
76113
76115
76117
76119
76121
76123
76125
76127
76129
76131
76133
76135
76137
76139
76141
76143
76145
76147
76149
76151
76153
76155
76157
76159
76161
76163
76165
76167
76169
76171
76173
76175
76177
76179
76181
76183
76185
76187
76189
76191
76193
76195
76197
76199
76201
76203
76205
76207
76209
76211
76213
76215
76217
76219
76221
76223
76225
76227
76229
76231
76233
76235
76237
76239
76241
76243
76245
76247
76249
76251
76253
76255
76257
76259
76261
76263
76265
76267
76269
76271
76273
76275
76277
76279
76281
76283
76285
76287
76289
76291
76293
76295
76297
76299
76301
76303
76305
76307
76309
76311
76313
76315
76317
76319
76321
76323
76325
76327
76329
76331
76333
76335
76337
76339
76341
76343
76345
76347
76349
76351
76353
76355
76357
76359
76361
76363
76365
76367
76369
76371
76373
76375
76377
76379
76381
76383
76385
76387
76389
76391
76393
76395
76397
76399
76401
76403
76405
76407
76409
76411
76413
76415
76417
76419
76421
76423
76425
76427
76429
76431
76433
76435
76437
76439
76441
76443
76445
76447
76449
76451
76453
76455
76457
76459
76461
76463
76465
76467
76469
76471
76473
76475
76477
76479
76481
76483
76485
76487
76489
76491
76493
76495
76497
76499
76501
76503
76505
76507
76509
76511
76513
76515
76517
76519
76521
76523
76525
76527
76529
76531
76533
76535
76537
76539
76541
76543
76545
76547
76549
76551
76553
76555
76557
76559
76561
76563
76565
76567
76569
76571
76573
76575
76577
76579
76581
76583
76585
76587
76589
76591
76593
76595
76597
76599
76601
76603
76605
76607
76609
76611
76613
76615
76617
76619
76621
76623
76625
76627
76629
76631
76633
76635
76637
76639
76641
76643
76645
76647
76649
76651
76653
76655
76657
76659
76661
76663
76665
76667
76669
76671
76673
76675
76677
76679
76681
76683
76685
76687
76689
76691
76693
76695
76697
76699
76701
76703
76705
76707
76709
76711
76713
76715
76717
76719
76721
76723
76725
76727
76729
76731
76733
76735
76737
76739
76741
76743
76745
76747
76749
76751
76753
76755
76757
76759
76761
76763
76765
76767
76769
76771
76773
76775
76777
76779
76781
76783
76785
76787
76789
76791
76793
76795
76797
76799
76801
76803
76805
76807
76809
76811
76813
76815
76817
76819
76821
76823
76825
76827
76829
76831
76833
76835
76837
76839
76841
76843
76845
76847
76849
76851
76853
76855
76857
76859
76861
76863
76865
76867
76869
76871
76873
76875
76877
76879
76881
76883
76885
76887
76889
76891
76893
76895
76897
76899
76901
76903
76905
76907
76909
76911
76913
76915
76917
76919
76921
76923
76925
76927
76929
76931
76933
76935
76937
76939
76941
76943
76945
76947
76949
76951
76953
76955
76957
76959
76961
76963
76965
76967
76969
76971
76973
76975
76977
76979
76981
76983
76985
76987
76989
76991
76993
76995
76997
76999
77001
77003
77005
77007
77009
77011
77013
77015
77017
77019
77021
77023
77025
77027
77029
77031
77033
77035
77037
77039
77041
77043
77045
77047
77049
77051
77053
77055
77057
77059
77061
77063
77065
77067
77069
77071
77073
77075
77077
77079
77081
77083
77085
77087
77089
77091
77093
77095
77097
77099
77101
77103
77105
77107
77109
77111
77113
77115
77117
77119
77121
77123
77125
77127
77129
77131
77133
77135
77137
77139
77141
77143
77145
77147
77149
77151
77153
77155
77157
77159
77161
77163
77165
77167
77169
77171
77173
77175
77177
77179
77181
77183
77185
77187
77189
77191
77193
77195
77197
77199
77201
77203
77205
77207
77209
77211
77213
77215
77217
77219
77221
77223
77225
77227
77229
77231
77233
77235
77237
77239
77241
77243
77245
77247
77249
77251
77253
77255
77257
77259
77261
77263
77265
77267
77269
77271
77273
77275
77277
77279
77281
77283
77285
77287
77289
77291
77293
77295
77297
77299
77301
77303
77305
77307
77309
77311
77313
77315
77317
77319
77321
77323
77325
77327
77329
77331
77333
77335
77337
77339
77341
77343
77345
77347
77349
77351
77353
77355
77357
77359
77361
77363
77365
77367
77369
77371
77373
77375
77377
77379
77381
77383
77385
77387
77389
77391
77393
77395
77397
77399
77401
77403
77405
77407
77409
77411
77413
77415
77417
77419
77421
77423
77425
77427
77429
77431
77433
77435
77437
77439
77441
77443
77445
77447
77449
77451
77453
77455
77457
77459
77461
77463
77465
77467
77469
77471
77473
77475
77477
77479
77481
77483
77485
77487
77489
77491
77493
77495
77497
77499
77501
77503
77505
77507
77509
77511
77513
77515
77517
77519
77521
77523
77525
77527
77529
77531
77533
77535
77537
77539
77541
77543
77545
77547
77549
77551
77553
77555
77557
77559
77561
77563
77565
77567
77569
77571
77573
77575
77577
77579
77581
77583
77585
77587
77589
77591
77593
77595
77597
77599
77601
77603
77605
77607
77609
77611
77613
77615
77617
77619
77621
77623
77625
77627
77629
77631
77633
77635
77637
77639
77641
77643
77645
77647
77649
77651
77653
77655
77657
77659
77661
77663
77665
77667
77669
77671
77673
77675
77677
77679
77681
77683
77685
77687
77689
77691
77693
77695
77697
77699
77701
77703
77705
77707
77709
77711
77713
77715
77717
77719
77721
77723
77725
77727
77729
77731
77733
77735
77737
77739
77741
77743
77745
77747
77749
77751
77753
77755
77757
77759
77761
77763
77765
77767
77769
77771
77773
77775
77777
77779
77781
77783
77785
77787
77789
77791
77793
77795
77797
77799
77801
77803
77805
77807
77809
77811
77813
77815
77817
77819
77821
77823
77825
77827
77829
77831
77833
77835
77837
77839
77841
77843
77845
77847
77849
77851
77853
77855
77857
77859
77861
77863
77865
77867
77869
77871
77873
77875
77877
77879
77881
77883
77885
77887
77889
77891
77893
77895
77897
77899
77901
77903
77905
77907
77909
77911
77913
77915
77917
77919
77921
77923
77925
77927
77929
77931
77933
77935
77937
77939
77941
77943
77945
77947
77949
77951
77953
77955
77957
77959
77961
77963
77965
77967
77969
77971
77973
77975
77977
77979
77981
77983
77985
77987
77989
77991
77993
77995
77997
77999
78001
78003
78005
78007
78009
78011
78013
78015
78017
78019
78021
78023
78025
78027
78029
78031
78033
78035
78037
78039
78041
78043
78045
78047
78049
78051
78053
78055
78057
78059
78061
78063
78065
78067
78069
78071
78073
78075
78077
78079
78081
78083
78085
78087
78089
78091
78093
78095
78097
78099
78101
78103
78105
78107
78109
78111
78113
78115
78117
78119
78121
78123
78125
78127
78129
78131
78133
78135
78137
78139
78141
78143
78145
78147
78149
78151
78153
78155
78157
78159
78161
78163
78165
78167
78169
78171
78173
78175
78177
78179
78181
78183
78185
78187
78189
78191
78193
78195
78197
78199
78201
78203
78205
78207
78209
78211
78213
78215
78217
78219
78221
78223
78225
78227
78229
78231
78233
78235
78237
78239
78241
78243
78245
78247
78249
78251
78253
78255
78257
78259
78261
78263
78265
78267
78269
78271
78273
78275
78277
78279
78281
78283
78285
78287
78289
78291
78293
78295
78297
78299
78301
78303
78305
78307
78309
78311
78313
78315
78317
78319
78321
78323
78325
78327
78329
78331
78333
78335
78337
78339
78341
78343
78345
78347
78349
78351
78353
78355
78357
78359
78361
78363
78365
78367
78369
78371
78373
78375
78377
78379
78381
78383
78385
78387
78389
78391
78393
78395
78397
78399
78401
78403
78405
78407
78409
78411
78413
78415
78417
78419
78421
78423
78425
78427
78429
78431
78433
78435
78437
78439
78441
78443
78445
78447
78449
78451
78453
78455
78457
78459
78461
78463
78465
78467
78469
78471
78473
78475
78477
78479
78481
78483
78485
78487
78489
78491
78493
78495
78497
78499
78501
78503
78505
78507
78509
78511
78513
78515
78517
78519
78521
78523
78525
78527
78529
78531
78533
78535
78537
78539
78541
78543
78545
78547
78549
78551
78553
78555
78557
78559
78561
78563
78565
78567
78569
78571
78573
78575
78577
78579
78581
78583
78585
78587
78589
78591
78593
78595
78597
78599
78601
78603
78605
78607
78609
78611
78613
78615
78617
78619
78621
78623
78625
78627
78629
78631
78633
78635
78637
78639
78641
78643
78645
78647
78649
78651
78653
78655
78657
78659
78661
78663
78665
78667
78669
78671
78673
78675
78677
78679
78681
78683
78685
78687
78689
78691
78693
78695
78697
78699
78701
78703
78705
78707
78709
78711
78713
78715
78717
78719
78721
78723
78725
78727
78729
78731
78733
78735
78737
78739
78741
78743
78745
78747
78749
78751
78753
78755
78757
78759
78761
78763
78765
78767
78769
78771
78773
78775
78777
78779
78781
78783
78785
78787
78789
78791
78793
78795
78797
78799
78801
78803
78805
78807
78809
78811
78813
78815
78817
78819
78821
78823
78825
78827
78829
78831
78833
78835
78837
78839
78841
78843
78845
78847
78849
78851
78853
78855
78857
78859
78861
78863
78865
78867
78869
78871
78873
78875
78877
78879
78881
78883
78885
78887
78889
78891
78893
78895
78897
78899
78901
78903
78905
78907
78909
78911
78913
78915
78917
78919
78921
78923
78925
78927
78929
78931
78933
78935
78937
78939
78941
78943
78945
78947
78949
78951
78953
78955
78957
78959
78961
78963
78965
78967
78969
78971
78973
78975
78977
78979
78981
78983
78985
78987
78989
78991
78993
78995
78997
78999
79001
79003
79005
79007
79009
79011
79013
79015
79017
79019
79021
79023
79025
79027
79029
79031
79033
79035
79037
79039
79041
79043
79045
79047
79049
79051
79053
79055
79057
79059
79061
79063
79065
79067
79069
79071
79073
79075
79077
79079
79081
79083
79085
79087
79089
79091
79093
79095
79097
79099
79101
79103
79105
79107
79109
79111
79113
79115
79117
79119
79121
79123
79125
79127
79129
79131
79133
79135
79137
79139
79141
79143
79145
79147
79149
79151
79153
79155
79157
79159
79161
79163
79165
79167
79169
79171
79173
79175
79177
79179
79181
79183
79185
79187
79189
79191
79193
79195
79197
79199
79201
79203
79205
79207
79209
79211
79213
79215
79217
79219
79221
79223
79225
79227
79229
79231
79233
79235
79237
79239
79241
79243
79245
79247
79249
79251
79253
79255
79257
79259
79261
79263
79265
79267
79269
79271
79273
79275
79277
79279
79281
79283
79285
79287
79289
79291
79293
79295
79297
79299
79301
79303
79305
79307
79309
79311
79313
79315
79317
79319
79321
79323
79325
79327
79329
79331
79333
79335
79337
79339
79341
79343
79345
79347
79349
79351
79353
79355
79357
79359
79361
79363
79365
79367
79369
79371
79373
79375
79377
79379
79381
79383
79385
79387
79389
79391
79393
79395
79397
79399
79401
79403
79405
79407
79409
79411
79413
79415
79417
79419
79421
79423
79425
79427
79429
79431
79433
79435
79437
79439
79441
79443
79445
79447
79449
79451
79453
79455
79457
79459
79461
79463
79465
79467
79469
79471
79473
79475
79477
79479
79481
79483
79485
79487
79489
79491
79493
79495
79497
79499
79501
79503
79505
79507
79509
79511
79513
79515
79517
79519
79521
79523
79525
79527
79529
79531
79533
79535
79537
79539
79541
79543
79545
79547
79549
79551
79553
79555
79557
79559
79561
79563
79565
79567
79569
79571
79573
79575
79577
79579
79581
79583
79585
79587
79589
79591
79593
79595
79597
79599
79601
79603
79605
79607
79609
79611
79613
79615
79617
79619
79621
79623
79625
79627
79629
79631
79633
79635
79637
79639
79641
79643
79645
79647
79649
79651
79653
79655
79657
79659
79661
79663
79665
79667
79669
79671
79673
79675
79677
79679
79681
79683
79685
79687
79689
79691
79693
79695
79697
79699
79701
79703
79705
79707
79709
79711
79713
79715
79717
79719
79721
79723
79725
79727
79729
79731
79733
79735
79737
79739
79741
79743
79745
79747
79749
79751
79753
79755
79757
79759
79761
79763
79765
79767
79769
79771
79773
79775
79777
79779
79781
79783
79785
79787
79789
79791
79793
79795
79797
79799
79801
79803
79805
79807
79809
79811
79813
79815
79817
79819
79821
79823
79825
79827
79829
79831
79833
79835
79837
79839
79841
79843
79845
79847
79849
79851
79853
79855
79857
79859
79861
79863
79865
79867
79869
79871
79873
79875
79877
79879
79881
79883
79885
79887
79889
79891
79893
79895
79897
79899
79901
79903
79905
79907
79909
79911
79913
79915
79917
79919
79921
79923
79925
79927
79929
79931
79933
79935
79937
79939
79941
79943
79945
79947
79949
79951
79953
79955
79957
79959
79961
79963
79965
79967
79969
79971
79973
79975
79977
79979
79981
79983
79985
79987
79989
79991
79993
79995
79997
79999
