80001
80003
80005
80007
80009
80011
80013
80015
80017
80019
80021
80023
80025
80027
80029
80031
80033
80035
80037
80039
80041
80043
80045
80047
80049
80051
80053
80055
80057
80059
80061
80063
80065
80067
80069
80071
80073
80075
80077
80079
80081
80083
80085
80087
80089
80091
80093
80095
80097
80099
80101
80103
80105
80107
80109
80111
80113
80115
80117
80119
80121
80123
80125
80127
80129
80131
80133
80135
80137
80139
80141
80143
80145
80147
80149
80151
80153
80155
80157
80159
80161
80163
80165
80167
80169
80171
80173
80175
80177
80179
80181
80183
80185
80187
80189
80191
80193
80195
80197
80199
80201
80203
80205
80207
80209
80211
80213
80215
80217
80219
80221
80223
80225
80227
80229
80231
80233
80235
80237
80239
80241
80243
80245
80247
80249
80251
80253
80255
80257
80259
80261
80263
80265
80267
80269
80271
80273
80275
80277
80279
80281
80283
80285
80287
80289
80291
80293
80295
80297
80299
80301
80303
80305
80307
80309
80311
80313
80315
80317
80319
80321
80323
80325
80327
80329
80331
80333
80335
80337
80339
80341
80343
80345
80347
80349
80351
80353
80355
80357
80359
80361
80363
80365
80367
80369
80371
80373
80375
80377
80379
80381
80383
80385
80387
80389
80391
80393
80395
80397
80399
80401
80403
80405
80407
80409
80411
80413
80415
80417
80419
80421
80423
80425
80427
80429
80431
80433
80435
80437
80439
80441
80443
80445
80447
80449
80451
80453
80455
80457
80459
80461
80463
80465
80467
80469
80471
80473
80475
80477
80479
80481
80483
80485
80487
80489
80491
80493
80495
80497
80499
80501
80503
80505
80507
80509
80511
80513
80515
80517
80519
80521
80523
80525
80527
80529
80531
80533
80535
80537
80539
80541
80543
80545
80547
80549
80551
80553
80555
80557
80559
80561
80563
80565
80567
80569
80571
80573
80575
80577
80579
80581
80583
80585
80587
80589
80591
80593
80595
80597
80599
80601
80603
80605
80607
80609
80611
80613
80615
80617
80619
80621
80623
80625
80627
80629
80631
80633
80635
80637
80639
80641
80643
80645
80647
80649
80651
80653
80655
80657
80659
80661
80663
80665
80667
80669
80671
80673
80675
80677
80679
80681
80683
80685
80687
80689
80691
80693
80695
80697
80699
80701
80703
80705
80707
80709
80711
80713
80715
80717
80719
80721
80723
80725
80727
80729
80731
80733
80735
80737
80739
80741
80743
80745
80747
80749
80751
80753
80755
80757
80759
80761
80763
80765
80767
80769
80771
80773
80775
80777
80779
80781
80783
80785
80787
80789
80791
80793
80795
80797
80799
80801
80803
80805
80807
80809
80811
80813
80815
80817
80819
80821
80823
80825
80827
80829
80831
80833
80835
80837
80839
80841
80843
80845
80847
80849
80851
80853
80855
80857
80859
80861
80863
80865
80867
80869
80871
80873
80875
80877
80879
80881
80883
80885
80887
80889
80891
80893
80895
80897
80899
80901
80903
80905
80907
80909
80911
80913
80915
80917
80919
80921
80923
80925
80927
80929
80931
80933
80935
80937
80939
80941
80943
80945
80947
80949
80951
80953
80955
80957
80959
80961
80963
80965
80967
80969
80971
80973
80975
80977
80979
80981
80983
80985
80987
80989
80991
80993
80995
80997
80999
81001
81003
81005
81007
81009
81011
81013
81015
81017
81019
81021
81023
81025
81027
81029
81031
81033
81035
81037
81039
81041
81043
81045
81047
81049
81051
81053
81055
81057
81059
81061
81063
81065
81067
81069
81071
81073
81075
81077
81079
81081
81083
81085
81087
81089
81091
81093
81095
81097
81099
81101
81103
81105
81107
81109
81111
81113
81115
81117
81119
81121
81123
81125
81127
81129
81131
81133
81135
81137
81139
81141
81143
81145
81147
81149
81151
81153
81155
81157
81159
81161
81163
81165
81167
81169
81171
81173
81175
81177
81179
81181
81183
81185
81187
81189
81191
81193
81195
81197
81199
81201
81203
81205
81207
81209
81211
81213
81215
81217
81219
81221
81223
81225
81227
81229
81231
81233
81235
81237
81239
81241
81243
81245
81247
81249
81251
81253
81255
81257
81259
81261
81263
81265
81267
81269
81271
81273
81275
81277
81279
81281
81283
81285
81287
81289
81291
81293
81295
81297
81299
81301
81303
81305
81307
81309
81311
81313
81315
81317
81319
81321
81323
81325
81327
81329
81331
81333
81335
81337
81339
81341
81343
81345
81347
81349
81351
81353
81355
81357
81359
81361
81363
81365
81367
81369
81371
81373
81375
81377
81379
81381
81383
81385
81387
81389
81391
81393
81395
81397
81399
81401
81403
81405
81407
81409
81411
81413
81415
81417
81419
81421
81423
81425
81427
81429
81431
81433
81435
81437
81439
81441
81443
81445
81447
81449
81451
81453
81455
81457
81459
81461
81463
81465
81467
81469
81471
81473
81475
81477
81479
81481
81483
81485
81487
81489
81491
81493
81495
81497
81499
81501
81503
81505
81507
81509
81511
81513
81515
81517
81519
81521
81523
81525
81527
81529
81531
81533
81535
81537
81539
81541
81543
81545
81547
81549
81551
81553
81555
81557
81559
81561
81563
81565
81567
81569
81571
81573
81575
81577
81579
81581
81583
81585
81587
81589
81591
81593
81595
81597
81599
81601
81603
81605
81607
81609
81611
81613
81615
81617
81619
81621
81623
81625
81627
81629
81631
81633
81635
81637
81639
81641
81643
81645
81647
81649
81651
81653
81655
81657
81659
81661
81663
81665
81667
81669
81671
81673
81675
81677
81679
81681
81683
81685
81687
81689
81691
81693
81695
81697
81699
81701
81703
81705
81707
81709
81711
81713
81715
81717
81719
81721
81723
81725
81727
81729
81731
81733
81735
81737
81739
81741
81743
81745
81747
81749
81751
81753
81755
81757
81759
81761
81763
81765
81767
81769
81771
81773
81775
81777
81779
81781
81783
81785
81787
81789
81791
81793
81795
81797
81799
81801
81803
81805
81807
81809
81811
81813
81815
81817
81819
81821
81823
81825
81827
81829
81831
81833
81835
81837
81839
81841
81843
81845
81847
81849
81851
81853
81855
81857
81859
81861
81863
81865
81867
81869
81871
81873
81875
81877
81879
81881
81883
81885
81887
81889
81891
81893
81895
81897
81899
81901
81903
81905
81907
81909
81911
81913
81915
81917
81919
81921
81923
81925
81927
81929
81931
81933
81935
81937
81939
81941
81943
81945
81947
81949
81951
81953
81955
81957
81959
81961
81963
81965
81967
81969
81971
81973
81975
81977
81979
81981
81983
81985
81987
81989
81991
81993
81995
81997
81999
82001
82003
82005
82007
82009
82011
82013
82015
82017
82019
82021
82023
82025
82027
82029
82031
82033
82035
82037
82039
82041
82043
82045
82047
82049
82051
82053
82055
82057
82059
82061
82063
82065
82067
82069
82071
82073
82075
82077
82079
82081
82083
82085
82087
82089
82091
82093
82095
82097
82099
82101
82103
82105
82107
82109
82111
82113
82115
82117
82119
82121
82123
82125
82127
82129
82131
82133
82135
82137
82139
82141
82143
82145
82147
82149
82151
82153
82155
82157
82159
82161
82163
82165
82167
82169
82171
82173
82175
82177
82179
82181
82183
82185
82187
82189
82191
82193
82195
82197
82199
82201
82203
82205
82207
82209
82211
82213
82215
82217
82219
82221
82223
82225
82227
82229
82231
82233
82235
82237
82239
82241
82243
82245
82247
82249
82251
82253
82255
82257
82259
82261
82263
82265
82267
82269
82271
82273
82275
82277
82279
82281
82283
82285
82287
82289
82291
82293
82295
82297
82299
82301
82303
82305
82307
82309
82311
82313
82315
82317
82319
82321
82323
82325
82327
82329
82331
82333
82335
82337
82339
82341
82343
82345
82347
82349
82351
82353
82355
82357
82359
82361
82363
82365
82367
82369
82371
82373
82375
82377
82379
82381
82383
82385
82387
82389
82391
82393
82395
82397
82399
82401
82403
82405
82407
82409
82411
82413
82415
82417
82419
82421
82423
82425
82427
82429
82431
82433
82435
82437
82439
82441
82443
82445
82447
82449
82451
82453
82455
82457
82459
82461
82463
82465
82467
82469
82471
82473
82475
82477
82479
82481
82483
82485
82487
82489
82491
82493
82495
82497
82499
82501
82503
82505
82507
82509
82511
82513
82515
82517
82519
82521
82523
82525
82527
82529
82531
82533
82535
82537
82539
82541
82543
82545
82547
82549
82551
82553
82555
82557
82559
82561
82563
82565
82567
82569
82571
82573
82575
82577
82579
82581
82583
82585
82587
82589
82591
82593
82595
82597
82599
82601
82603
82605
82607
82609
82611
82613
82615
82617
82619
82621
82623
82625
82627
82629
82631
82633
82635
82637
82639
82641
82643
82645
82647
82649
82651
82653
82655
82657
82659
82661
82663
82665
82667
82669
82671
82673
82675
82677
82679
82681
82683
82685
82687
82689
82691
82693
82695
82697
82699
82701
82703
82705
82707
82709
82711
82713
82715
82717
82719
82721
82723
82725
82727
82729
82731
82733
82735
82737
82739
82741
82743
82745
82747
82749
82751
82753
82755
82757
82759
82761
82763
82765
82767
82769
82771
82773
82775
82777
82779
82781
82783
82785
82787
82789
82791
82793
82795
82797
82799
82801
82803
82805
82807
82809
82811
82813
82815
82817
82819
82821
82823
82825
82827
82829
82831
82833
82835
82837
82839
82841
82843
82845
82847
82849
82851
82853
82855
82857
82859
82861
82863
82865
82867
82869
82871
82873
82875
82877
82879
82881
82883
82885
82887
82889
82891
82893
82895
82897
82899
82901
82903
82905
82907
82909
82911
82913
82915
82917
82919
82921
82923
82925
82927
82929
82931
82933
82935
82937
82939
82941
82943
82945
82947
82949
82951
82953
82955
82957
82959
82961
82963
82965
82967
82969
82971
82973
82975
82977
82979
82981
82983
82985
82987
82989
82991
82993
82995
82997
82999
83001
83003
83005
83007
83009
83011
83013
83015
83017
83019
83021
83023
83025
83027
83029
83031
83033
83035
83037
83039
83041
83043
83045
83047
83049
83051
83053
83055
83057
83059
83061
83063
83065
83067
83069
83071
83073
83075
83077
83079
83081
83083
83085
83087
83089
83091
83093
83095
83097
83099
83101
83103
83105
83107
83109
83111
83113
83115
83117
83119
83121
83123
83125
83127
83129
83131
83133
83135
83137
83139
83141
83143
83145
83147
83149
83151
83153
83155
83157
83159
83161
83163
83165
83167
83169
83171
83173
83175
83177
83179
83181
83183
83185
83187
83189
83191
83193
83195
83197
83199
83201
83203
83205
83207
83209
83211
83213
83215
83217
83219
83221
83223
83225
83227
83229
83231
83233
83235
83237
83239
83241
83243
83245
83247
83249
83251
83253
83255
83257
83259
83261
83263
83265
83267
83269
83271
83273
83275
83277
83279
83281
83283
83285
83287
83289
83291
83293
83295
83297
83299
83301
83303
83305
83307
83309
83311
83313
83315
83317
83319
83321
83323
83325
83327
83329
83331
83333
83335
83337
83339
83341
83343
83345
83347
83349
83351
83353
83355
83357
83359
83361
83363
83365
83367
83369
83371
83373
83375
83377
83379
83381
83383
83385
83387
83389
83391
83393
83395
83397
83399
83401
83403
83405
83407
83409
83411
83413
83415
83417
83419
83421
83423
83425
83427
83429
83431
83433
83435
83437
83439
83441
83443
83445
83447
83449
83451
83453
83455
83457
83459
83461
83463
83465
83467
83469
83471
83473
83475
83477
83479
83481
83483
83485
83487
83489
83491
83493
83495
83497
83499
83501
83503
83505
83507
83509
83511
83513
83515
83517
83519
83521
83523
83525
83527
83529
83531
83533
83535
83537
83539
83541
83543
83545
83547
83549
83551
83553
83555
83557
83559
83561
83563
83565
83567
83569
83571
83573
83575
83577
83579
83581
83583
83585
83587
83589
83591
83593
83595
83597
83599
83601
83603
83605
83607
83609
83611
83613
83615
83617
83619
83621
83623
83625
83627
83629
83631
83633
83635
83637
83639
83641
83643
83645
83647
83649
83651
83653
83655
83657
83659
83661
83663
83665
83667
83669
83671
83673
83675
83677
83679
83681
83683
83685
83687
83689
83691
83693
83695
83697
83699
83701
83703
83705
83707
83709
83711
83713
83715
83717
83719
83721
83723
83725
83727
83729
83731
83733
83735
83737
83739
83741
83743
83745
83747
83749
83751
83753
83755
83757
83759
83761
83763
83765
83767
83769
83771
83773
83775
83777
83779
83781
83783
83785
83787
83789
83791
83793
83795
83797
83799
83801
83803
83805
83807
83809
83811
83813
83815
83817
83819
83821
83823
83825
83827
83829
83831
83833
83835
83837
83839
83841
83843
83845
83847
83849
83851
83853
83855
83857
83859
83861
83863
83865
83867
83869
83871
83873
83875
83877
83879
83881
83883
83885
83887
83889
83891
83893
83895
83897
83899
83901
83903
83905
83907
83909
83911
83913
83915
83917
83919
83921
83923
83925
83927
83929
83931
83933
83935
83937
83939
83941
83943
83945
83947
83949
83951
83953
83955
83957
83959
83961
83963
83965
83967
83969
83971
83973
83975
83977
83979
83981
83983
83985
83987
83989
83991
83993
83995
83997
83999
84001
84003
84005
84007
84009
84011
84013
84015
84017
84019
84021
84023
84025
84027
84029
84031
84033
84035
84037
84039
84041
84043
84045
84047
84049
84051
84053
84055
84057
84059
84061
84063
84065
84067
84069
84071
84073
84075
84077
84079
84081
84083
84085
84087
84089
84091
84093
84095
84097
84099
84101
84103
84105
84107
84109
84111
84113
84115
84117
84119
84121
84123
84125
84127
84129
84131
84133
84135
84137
84139
84141
84143
84145
84147
84149
84151
84153
84155
84157
84159
84161
84163
84165
84167
84169
84171
84173
84175
84177
84179
84181
84183
84185
84187
84189
84191
84193
84195
84197
84199
84201
84203
84205
84207
84209
84211
84213
84215
84217
84219
84221
84223
84225
84227
84229
84231
84233
84235
84237
84239
84241
84243
84245
84247
84249
84251
84253
84255
84257
84259
84261
84263
84265
84267
84269
84271
84273
84275
84277
84279
84281
84283
84285
84287
84289
84291
84293
84295
84297
84299
84301
84303
84305
84307
84309
84311
84313
84315
84317
84319
84321
84323
84325
84327
84329
84331
84333
84335
84337
84339
84341
84343
84345
84347
84349
84351
84353
84355
84357
84359
84361
84363
84365
84367
84369
84371
84373
84375
84377
84379
84381
84383
84385
84387
84389
84391
84393
84395
84397
84399
84401
84403
84405
84407
84409
84411
84413
84415
84417
84419
84421
84423
84425
84427
84429
84431
84433
84435
84437
84439
84441
84443
84445
84447
84449
84451
84453
84455
84457
84459
84461
84463
84465
84467
84469
84471
84473
84475
84477
84479
84481
84483
84485
84487
84489
84491
84493
84495
84497
84499
84501
84503
84505
84507
84509
84511
84513
84515
84517
84519
84521
84523
84525
84527
84529
84531
84533
84535
84537
84539
84541
84543
84545
84547
84549
84551
84553
84555
84557
84559
84561
84563
84565
84567
84569
84571
84573
84575
84577
84579
84581
84583
84585
84587
84589
84591
84593
84595
84597
84599
84601
84603
84605
84607
84609
84611
84613
84615
84617
84619
84621
84623
84625
84627
84629
84631
84633
84635
84637
84639
84641
84643
84645
84647
84649
84651
84653
84655
84657
84659
84661
84663
84665
84667
84669
84671
84673
84675
84677
84679
84681
84683
84685
84687
84689
84691
84693
84695
84697
84699
84701
84703
84705
84707
84709
84711
84713
84715
84717
84719
84721
84723
84725
84727
84729
84731
84733
84735
84737
84739
84741
84743
84745
84747
84749
84751
84753
84755
84757
84759
84761
84763
84765
84767
84769
84771
84773
84775
84777
84779
84781
84783
84785
84787
84789
84791
84793
84795
84797
84799
84801
84803
84805
84807
84809
84811
84813
84815
84817
84819
84821
84823
84825
84827
84829
84831
84833
84835
84837
84839
84841
84843
84845
84847
84849
84851
84853
84855
84857
84859
84861
84863
84865
84867
84869
84871
84873
84875
84877
84879
84881
84883
84885
84887
84889
84891
84893
84895
84897
84899
84901
84903
84905
84907
84909
84911
84913
84915
84917
84919
84921
84923
84925
84927
84929
84931
84933
84935
84937
84939
84941
84943
84945
84947
84949
84951
84953
84955
84957
84959
84961
84963
84965
84967
84969
84971
84973
84975
84977
84979
84981
84983
84985
84987
84989
84991
84993
84995
84997
84999
85001
85003
85005
85007
85009
85011
85013
85015
85017
85019
85021
85023
85025
85027
85029
85031
85033
85035
85037
85039
85041
85043
85045
85047
85049
85051
85053
85055
85057
85059
85061
85063
85065
85067
85069
85071
85073
85075
85077
85079
85081
85083
85085
85087
85089
85091
85093
85095
85097
85099
85101
85103
85105
85107
85109
85111
85113
85115
85117
85119
85121
85123
85125
85127
85129
85131
85133
85135
85137
85139
85141
85143
85145
85147
85149
85151
85153
85155
85157
85159
85161
85163
85165
85167
85169
85171
85173
85175
85177
85179
85181
85183
85185
85187
85189
85191
85193
85195
85197
85199
85201
85203
85205
85207
85209
85211
85213
85215
85217
85219
85221
85223
85225
85227
85229
85231
85233
85235
85237
85239
85241
85243
85245
85247
85249
85251
85253
85255
85257
85259
85261
85263
85265
85267
85269
85271
85273
85275
85277
85279
85281
85283
85285
85287
85289
85291
85293
85295
85297
85299
85301
85303
85305
85307
85309
85311
85313
85315
85317
85319
85321
85323
85325
85327
85329
85331
85333
85335
85337
85339
85341
85343
85345
85347
85349
85351
85353
85355
85357
85359
85361
85363
85365
85367
85369
85371
85373
85375
85377
85379
85381
85383
85385
85387
85389
85391
85393
85395
85397
85399
85401
85403
85405
85407
85409
85411
85413
85415
85417
85419
85421
85423
85425
85427
85429
85431
85433
85435
85437
85439
85441
85443
85445
85447
85449
85451
85453
85455
85457
85459
85461
85463
85465
85467
85469
85471
85473
85475
85477
85479
85481
85483
85485
85487
85489
85491
85493
85495
85497
85499
85501
85503
85505
85507
85509
85511
85513
85515
85517
85519
85521
85523
85525
85527
85529
85531
85533
85535
85537
85539
85541
85543
85545
85547
85549
85551
85553
85555
85557
85559
85561
85563
85565
85567
85569
85571
85573
85575
85577
85579
85581
85583
85585
85587
85589
85591
85593
85595
85597
85599
85601
85603
85605
85607
85609
85611
85613
85615
85617
85619
85621
85623
85625
85627
85629
85631
85633
85635
85637
85639
85641
85643
85645
85647
85649
85651
85653
85655
85657
85659
85661
85663
85665
85667
85669
85671
85673
85675
85677
85679
85681
85683
85685
85687
85689
85691
85693
85695
85697
85699
85701
85703
85705
85707
85709
85711
85713
85715
85717
85719
85721
85723
85725
85727
85729
85731
85733
85735
85737
85739
85741
85743
85745
85747
85749
85751
85753
85755
85757
85759
85761
85763
85765
85767
85769
85771
85773
85775
85777
85779
85781
85783
85785
85787
85789
85791
85793
85795
85797
85799
85801
85803
85805
85807
85809
85811
85813
85815
85817
85819
85821
85823
85825
85827
85829
85831
85833
85835
85837
85839
85841
85843
85845
85847
85849
85851
85853
85855
85857
85859
85861
85863
85865
85867
85869
85871
85873
85875
85877
85879
85881
85883
85885
85887
85889
85891
85893
85895
85897
85899
85901
85903
85905
85907
85909
85911
85913
85915
85917
85919
85921
85923
85925
85927
85929
85931
85933
85935
85937
85939
85941
85943
85945
85947
85949
85951
85953
85955
85957
85959
85961
85963
85965
85967
85969
85971
85973
85975
85977
85979
85981
85983
85985
85987
85989
85991
85993
85995
85997
85999
86001
86003
86005
86007
86009
86011
86013
86015
86017
86019
86021
86023
86025
86027
86029
86031
86033
86035
86037
86039
86041
86043
86045
86047
86049
86051
86053
86055
86057
86059
86061
86063
86065
86067
86069
86071
86073
86075
86077
86079
86081
86083
86085
86087
86089
86091
86093
86095
86097
86099
86101
86103
86105
86107
86109
86111
86113
86115
86117
86119
86121
86123
86125
86127
86129
86131
86133
86135
86137
86139
86141
86143
86145
86147
86149
86151
86153
86155
86157
86159
86161
86163
86165
86167
86169
86171
86173
86175
86177
86179
86181
86183
86185
86187
86189
86191
86193
86195
86197
86199
86201
86203
86205
86207
86209
86211
86213
86215
86217
86219
86221
86223
86225
86227
86229
86231
86233
86235
86237
86239
86241
86243
86245
86247
86249
86251
86253
86255
86257
86259
86261
86263
86265
86267
86269
86271
86273
86275
86277
86279
86281
86283
86285
86287
86289
86291
86293
86295
86297
86299
86301
86303
86305
86307
86309
86311
86313
86315
86317
86319
86321
86323
86325
86327
86329
86331
86333
86335
86337
86339
86341
86343
86345
86347
86349
86351
86353
86355
86357
86359
86361
86363
86365
86367
86369
86371
86373
86375
86377
86379
86381
86383
86385
86387
86389
86391
86393
86395
86397
86399
86401
86403
86405
86407
86409
86411
86413
86415
86417
86419
86421
86423
86425
86427
86429
86431
86433
86435
86437
86439
86441
86443
86445
86447
86449
86451
86453
86455
86457
86459
86461
86463
86465
86467
86469
86471
86473
86475
86477
86479
86481
86483
86485
86487
86489
86491
86493
86495
86497
86499
86501
86503
86505
86507
86509
86511
86513
86515
86517
86519
86521
86523
86525
86527
86529
86531
86533
86535
86537
86539
86541
86543
86545
86547
86549
86551
86553
86555
86557
86559
86561
86563
86565
86567
86569
86571
86573
86575
86577
86579
86581
86583
86585
86587
86589
86591
86593
86595
86597
86599
86601
86603
86605
86607
86609
86611
86613
86615
86617
86619
86621
86623
86625
86627
86629
86631
86633
86635
86637
86639
86641
86643
86645
86647
86649
86651
86653
86655
86657
86659
86661
86663
86665
86667
86669
86671
86673
86675
86677
86679
86681
86683
86685
86687
86689
86691
86693
86695
86697
86699
86701
86703
86705
86707
86709
86711
86713
86715
86717
86719
86721
86723
86725
86727
86729
86731
86733
86735
86737
86739
86741
86743
86745
86747
86749
86751
86753
86755
86757
86759
86761
86763
86765
86767
86769
86771
86773
86775
86777
86779
86781
86783
86785
86787
86789
86791
86793
86795
86797
86799
86801
86803
86805
86807
86809
86811
86813
86815
86817
86819
86821
86823
86825
86827
86829
86831
86833
86835
86837
86839
86841
86843
86845
86847
86849
86851
86853
86855
86857
86859
86861
86863
86865
86867
86869
86871
86873
86875
86877
86879
86881
86883
86885
86887
86889
86891
86893
86895
86897
86899
86901
86903
86905
86907
86909
86911
86913
86915
86917
86919
86921
86923
86925
86927
86929
86931
86933
86935
86937
86939
86941
86943
86945
86947
86949
86951
86953
86955
86957
86959
86961
86963
86965
86967
86969
86971
86973
86975
86977
86979
86981
86983
86985
86987
86989
86991
86993
86995
86997
86999
87001
87003
87005
87007
87009
87011
87013
87015
87017
87019
87021
87023
87025
87027
87029
87031
87033
87035
87037
87039
87041
87043
87045
87047
87049
87051
87053
87055
87057
87059
87061
87063
87065
87067
87069
87071
87073
87075
87077
87079
87081
87083
87085
87087
87089
87091
87093
87095
87097
87099
87101
87103
87105
87107
87109
87111
87113
87115
87117
87119
87121
87123
87125
87127
87129
87131
87133
87135
87137
87139
87141
87143
87145
87147
87149
87151
87153
87155
87157
87159
87161
87163
87165
87167
87169
87171
87173
87175
87177
87179
87181
87183
87185
87187
87189
87191
87193
87195
87197
87199
87201
87203
87205
87207
87209
87211
87213
87215
87217
87219
87221
87223
87225
87227
87229
87231
87233
87235
87237
87239
87241
87243
87245
87247
87249
87251
87253
87255
87257
87259
87261
87263
87265
87267
87269
87271
87273
87275
87277
87279
87281
87283
87285
87287
87289
87291
87293
87295
87297
87299
87301
87303
87305
87307
87309
87311
87313
87315
87317
87319
87321
87323
87325
87327
87329
87331
87333
87335
87337
87339
87341
87343
87345
87347
87349
87351
87353
87355
87357
87359
87361
87363
87365
87367
87369
87371
87373
87375
87377
87379
87381
87383
87385
87387
87389
87391
87393
87395
87397
87399
87401
87403
87405
87407
87409
87411
87413
87415
87417
87419
87421
87423
87425
87427
87429
87431
87433
87435
87437
87439
87441
87443
87445
87447
87449
87451
87453
87455
87457
87459
87461
87463
87465
87467
87469
87471
87473
87475
87477
87479
87481
87483
87485
87487
87489
87491
87493
87495
87497
87499
87501
87503
87505
87507
87509
87511
87513
87515
87517
87519
87521
87523
87525
87527
87529
87531
87533
87535
87537
87539
87541
87543
87545
87547
87549
87551
87553
87555
87557
87559
87561
87563
87565
87567
87569
87571
87573
87575
87577
87579
87581
87583
87585
87587
87589
87591
87593
87595
87597
87599
87601
87603
87605
87607
87609
87611
87613
87615
87617
87619
87621
87623
87625
87627
87629
87631
87633
87635
87637
87639
87641
87643
87645
87647
87649
87651
87653
87655
87657
87659
87661
87663
87665
87667
87669
87671
87673
87675
87677
87679
87681
87683
87685
87687
87689
87691
87693
87695
87697
87699
87701
87703
87705
87707
87709
87711
87713
87715
87717
87719
87721
87723
87725
87727
87729
87731
87733
87735
87737
87739
87741
87743
87745
87747
87749
87751
87753
87755
87757
87759
87761
87763
87765
87767
87769
87771
87773
87775
87777
87779
87781
87783
87785
87787
87789
87791
87793
87795
87797
87799
87801
87803
87805
87807
87809
87811
87813
87815
87817
87819
87821
87823
87825
87827
87829
87831
87833
87835
87837
87839
87841
87843
87845
87847
87849
87851
87853
87855
87857
87859
87861
87863
87865
87867
87869
87871
87873
87875
87877
87879
87881
87883
87885
87887
87889
87891
87893
87895
87897
87899
87901
87903
87905
87907
87909
87911
87913
87915
87917
87919
87921
87923
87925
87927
87929
87931
87933
87935
87937
87939
87941
87943
87945
87947
87949
87951
87953
87955
87957
87959
87961
87963
87965
87967
87969
87971
87973
87975
87977
87979
87981
87983
87985
87987
87989
87991
87993
87995
87997
87999
88001
88003
88005
88007
88009
88011
88013
88015
88017
88019
88021
88023
88025
88027
88029
88031
88033
88035
88037
88039
88041
88043
88045
88047
88049
88051
88053
88055
88057
88059
88061
88063
88065
88067
88069
88071
88073
88075
88077
88079
88081
88083
88085
88087
88089
88091
88093
88095
88097
88099
88101
88103
88105
88107
88109
88111
88113
88115
88117
88119
88121
88123
88125
88127
88129
88131
88133
88135
88137
88139
88141
88143
88145
88147
88149
88151
88153
88155
88157
88159
88161
88163
88165
88167
88169
88171
88173
88175
88177
88179
88181
88183
88185
88187
88189
88191
88193
88195
88197
88199
88201
88203
88205
88207
88209
88211
88213
88215
88217
88219
88221
88223
88225
88227
88229
88231
88233
88235
88237
88239
88241
88243
88245
88247
88249
88251
88253
88255
88257
88259
88261
88263
88265
88267
88269
88271
88273
88275
88277
88279
88281
88283
88285
88287
88289
88291
88293
88295
88297
88299
88301
88303
88305
88307
88309
88311
88313
88315
88317
88319
88321
88323
88325
88327
88329
88331
88333
88335
88337
88339
88341
88343
88345
88347
88349
88351
88353
88355
88357
88359
88361
88363
88365
88367
88369
88371
88373
88375
88377
88379
88381
88383
88385
88387
88389
88391
88393
88395
88397
88399
88401
88403
88405
88407
88409
88411
88413
88415
88417
88419
88421
88423
88425
88427
88429
88431
88433
88435
88437
88439
88441
88443
88445
88447
88449
88451
88453
88455
88457
88459
88461
88463
88465
88467
88469
88471
88473
88475
88477
88479
88481
88483
88485
88487
88489
88491
88493
88495
88497
88499
88501
88503
88505
88507
88509
88511
88513
88515
88517
88519
88521
88523
88525
88527
88529
88531
88533
88535
88537
88539
88541
88543
88545
88547
88549
88551
88553
88555
88557
88559
88561
88563
88565
88567
88569
88571
88573
88575
88577
88579
88581
88583
88585
88587
88589
88591
88593
88595
88597
88599
88601
88603
88605
88607
88609
88611
88613
88615
88617
88619
88621
88623
88625
88627
88629
88631
88633
88635
88637
88639
88641
88643
88645
88647
88649
88651
88653
88655
88657
88659
88661
88663
88665
88667
88669
88671
88673
88675
88677
88679
88681
88683
88685
88687
88689
88691
88693
88695
88697
88699
88701
88703
88705
88707
88709
88711
88713
88715
88717
88719
88721
88723
88725
88727
88729
88731
88733
88735
88737
88739
88741
88743
88745
88747
88749
88751
88753
88755
88757
88759
88761
88763
88765
88767
88769
88771
88773
88775
88777
88779
88781
88783
88785
88787
88789
88791
88793
88795
88797
88799
88801
88803
88805
88807
88809
88811
88813
88815
88817
88819
88821
88823
88825
88827
88829
88831
88833
88835
88837
88839
88841
88843
88845
88847
88849
88851
88853
88855
88857
88859
88861
88863
88865
88867
88869
88871
88873
88875
88877
88879
88881
88883
88885
88887
88889
88891
88893
88895
88897
88899
88901
88903
88905
88907
88909
88911
88913
88915
88917
88919
88921
88923
88925
88927
88929
88931
88933
88935
88937
88939
88941
88943
88945
88947
88949
88951
88953
88955
88957
88959
88961
88963
88965
88967
88969
88971
88973
88975
88977
88979
88981
88983
88985
88987
88989
88991
88993
88995
88997
88999
89001
89003
89005
89007
89009
89011
89013
89015
89017
89019
89021
89023
89025
89027
89029
89031
89033
89035
89037
89039
89041
89043
89045
89047
89049
89051
89053
89055
89057
89059
89061
89063
89065
89067
89069
89071
89073
89075
89077
89079
89081
89083
89085
89087
89089
89091
89093
89095
89097
89099
89101
89103
89105
89107
89109
89111
89113
89115
89117
89119
89121
89123
89125
89127
89129
89131
89133
89135
89137
89139
89141
89143
89145
89147
89149
89151
89153
89155
89157
89159
89161
89163
89165
89167
89169
89171
89173
89175
89177
89179
89181
89183
89185
89187
89189
89191
89193
89195
89197
89199
89201
89203
89205
89207
89209
89211
89213
89215
89217
89219
89221
89223
89225
89227
89229
89231
89233
89235
89237
89239
89241
89243
89245
89247
89249
89251
89253
89255
89257
89259
89261
89263
89265
89267
89269
89271
89273
89275
89277
89279
89281
89283
89285
89287
89289
89291
89293
89295
89297
89299
89301
89303
89305
89307
89309
89311
89313
89315
89317
89319
89321
89323
89325
89327
89329
89331
89333
89335
89337
89339
89341
89343
89345
89347
89349
89351
89353
89355
89357
89359
89361
89363
89365
89367
89369
89371
89373
89375
89377
89379
89381
89383
89385
89387
89389
89391
89393
89395
89397
89399
89401
89403
89405
89407
89409
89411
89413
89415
89417
89419
89421
89423
89425
89427
89429
89431
89433
89435
89437
89439
89441
89443
89445
89447
89449
89451
89453
89455
89457
89459
89461
89463
89465
89467
89469
89471
89473
89475
89477
89479
89481
89483
89485
89487
89489
89491
89493
89495
89497
89499
89501
89503
89505
89507
89509
89511
89513
89515
89517
89519
89521
89523
89525
89527
89529
89531
89533
89535
89537
89539
89541
89543
89545
89547
89549
89551
89553
89555
89557
89559
89561
89563
89565
89567
89569
89571
89573
89575
89577
89579
89581
89583
89585
89587
89589
89591
89593
89595
89597
89599
89601
89603
89605
89607
89609
89611
89613
89615
89617
89619
89621
89623
89625
89627
89629
89631
89633
89635
89637
89639
89641
89643
89645
89647
89649
89651
89653
89655
89657
89659
89661
89663
89665
89667
89669
89671
89673
89675
89677
89679
89681
89683
89685
89687
89689
89691
89693
89695
89697
89699
89701
89703
89705
89707
89709
89711
89713
89715
89717
89719
89721
89723
89725
89727
89729
89731
89733
89735
89737
89739
89741
89743
89745
89747
89749
89751
89753
89755
89757
89759
89761
89763
89765
89767
89769
89771
89773
89775
89777
89779
89781
89783
89785
89787
89789
89791
89793
89795
89797
89799
89801
89803
89805
89807
89809
89811
89813
89815
89817
89819
89821
89823
89825
89827
89829
89831
89833
89835
89837
89839
89841
89843
89845
89847
89849
89851
89853
89855
89857
89859
89861
89863
89865
89867
89869
89871
89873
89875
89877
89879
89881
89883
89885
89887
89889
89891
89893
89895
89897
89899
89901
89903
89905
89907
89909
89911
89913
89915
89917
89919
89921
89923
89925
89927
89929
89931
89933
89935
89937
89939
89941
89943
89945
89947
89949
89951
89953
89955
89957
89959
89961
89963
89965
89967
89969
89971
89973
89975
89977
89979
89981
89983
89985
89987
89989
89991
89993
89995
89997
89999
