90001
90003
90005
90007
90009
90011
90013
90015
90017
90019
90021
90023
90025
90027
90029
90031
90033
90035
90037
90039
90041
90043
90045
90047
90049
90051
90053
90055
90057
90059
90061
90063
90065
90067
90069
90071
90073
90075
90077
90079
90081
90083
90085
90087
90089
90091
90093
90095
90097
90099
90101
90103
90105
90107
90109
90111
90113
90115
90117
90119
90121
90123
90125
90127
90129
90131
90133
90135
90137
90139
90141
90143
90145
90147
90149
90151
90153
90155
90157
90159
90161
90163
90165
90167
90169
90171
90173
90175
90177
90179
90181
90183
90185
90187
90189
90191
90193
90195
90197
90199
90201
90203
90205
90207
90209
90211
90213
90215
90217
90219
90221
90223
90225
90227
90229
90231
90233
90235
90237
90239
90241
90243
90245
90247
90249
90251
90253
90255
90257
90259
90261
90263
90265
90267
90269
90271
90273
90275
90277
90279
90281
90283
90285
90287
90289
90291
90293
90295
90297
90299
90301
90303
90305
90307
90309
90311
90313
90315
90317
90319
90321
90323
90325
90327
90329
90331
90333
90335
90337
90339
90341
90343
90345
90347
90349
90351
90353
90355
90357
90359
90361
90363
90365
90367
90369
90371
90373
90375
90377
90379
90381
90383
90385
90387
90389
90391
90393
90395
90397
90399
90401
90403
90405
90407
90409
90411
90413
90415
90417
90419
90421
90423
90425
90427
90429
90431
90433
90435
90437
90439
90441
90443
90445
90447
90449
90451
90453
90455
90457
90459
90461
90463
90465
90467
90469
90471
90473
90475
90477
90479
90481
90483
90485
90487
90489
90491
90493
90495
90497
90499
90501
90503
90505
90507
90509
90511
90513
90515
90517
90519
90521
90523
90525
90527
90529
90531
90533
90535
90537
90539
90541
90543
90545
90547
90549
90551
90553
90555
90557
90559
90561
90563
90565
90567
90569
90571
90573
90575
90577
90579
90581
90583
90585
90587
90589
90591
90593
90595
90597
90599
90601
90603
90605
90607
90609
90611
90613
90615
90617
90619
90621
90623
90625
90627
90629
90631
90633
90635
90637
90639
90641
90643
90645
90647
90649
90651
90653
90655
90657
90659
90661
90663
90665
90667
90669
90671
90673
90675
90677
90679
90681
90683
90685
90687
90689
90691
90693
90695
90697
90699
90701
90703
90705
90707
90709
90711
90713
90715
90717
90719
90721
90723
90725
90727
90729
90731
90733
90735
90737
90739
90741
90743
90745
90747
90749
90751
90753
90755
90757
90759
90761
90763
90765
90767
90769
90771
90773
90775
90777
90779
90781
90783
90785
90787
90789
90791
90793
90795
90797
90799
90801
90803
90805
90807
90809
90811
90813
90815
90817
90819
90821
90823
90825
90827
90829
90831
90833
90835
90837
90839
90841
90843
90845
90847
90849
90851
90853
90855
90857
90859
90861
90863
90865
90867
90869
90871
90873
90875
90877
90879
90881
90883
90885
90887
90889
90891
90893
90895
90897
90899
90901
90903
90905
90907
90909
90911
90913
90915
90917
90919
90921
90923
90925
90927
90929
90931
90933
90935
90937
90939
90941
90943
90945
90947
90949
90951
90953
90955
90957
90959
90961
90963
90965
90967
90969
90971
90973
90975
90977
90979
90981
90983
90985
90987
90989
90991
90993
90995
90997
90999
91001
91003
91005
91007
91009
91011
91013
91015
91017
91019
91021
91023
91025
91027
91029
91031
91033
91035
91037
91039
91041
91043
91045
91047
91049
91051
91053
91055
91057
91059
91061
91063
91065
91067
91069
91071
91073
91075
91077
91079
91081
91083
91085
91087
91089
91091
91093
91095
91097
91099
91101
91103
91105
91107
91109
91111
91113
91115
91117
91119
91121
91123
91125
91127
91129
91131
91133
91135
91137
91139
91141
91143
91145
91147
91149
91151
91153
91155
91157
91159
91161
91163
91165
91167
91169
91171
91173
91175
91177
91179
91181
91183
91185
91187
91189
91191
91193
91195
91197
91199
91201
91203
91205
91207
91209
91211
91213
91215
91217
91219
91221
91223
91225
91227
91229
91231
91233
91235
91237
91239
91241
91243
91245
91247
91249
91251
91253
91255
91257
91259
91261
91263
91265
91267
91269
91271
91273
91275
91277
91279
91281
91283
91285
91287
91289
91291
91293
91295
91297
91299
91301
91303
91305
91307
91309
91311
91313
91315
91317
91319
91321
91323
91325
91327
91329
91331
91333
91335
91337
91339
91341
91343
91345
91347
91349
91351
91353
91355
91357
91359
91361
91363
91365
91367
91369
91371
91373
91375
91377
91379
91381
91383
91385
91387
91389
91391
91393
91395
91397
91399
91401
91403
91405
91407
91409
91411
91413
91415
91417
91419
91421
91423
91425
91427
91429
91431
91433
91435
91437
91439
91441
91443
91445
91447
91449
91451
91453
91455
91457
91459
91461
91463
91465
91467
91469
91471
91473
91475
91477
91479
91481
91483
91485
91487
91489
91491
91493
91495
91497
91499
91501
91503
91505
91507
91509
91511
91513
91515
91517
91519
91521
91523
91525
91527
91529
91531
91533
91535
91537
91539
91541
91543
91545
91547
91549
91551
91553
91555
91557
91559
91561
91563
91565
91567
91569
91571
91573
91575
91577
91579
91581
91583
91585
91587
91589
91591
91593
91595
91597
91599
91601
91603
91605
91607
91609
91611
91613
91615
91617
91619
91621
91623
91625
91627
91629
91631
91633
91635
91637
91639
91641
91643
91645
91647
91649
91651
91653
91655
91657
91659
91661
91663
91665
91667
91669
91671
91673
91675
91677
91679
91681
91683
91685
91687
91689
91691
91693
91695
91697
91699
91701
91703
91705
91707
91709
91711
91713
91715
91717
91719
91721
91723
91725
91727
91729
91731
91733
91735
91737
91739
91741
91743
91745
91747
91749
91751
91753
91755
91757
91759
91761
91763
91765
91767
91769
91771
91773
91775
91777
91779
91781
91783
91785
91787
91789
91791
91793
91795
91797
91799
91801
91803
91805
91807
91809
91811
91813
91815
91817
91819
91821
91823
91825
91827
91829
91831
91833
91835
91837
91839
91841
91843
91845
91847
91849
91851
91853
91855
91857
91859
91861
91863
91865
91867
91869
91871
91873
91875
91877
91879
91881
91883
91885
91887
91889
91891
91893
91895
91897
91899
91901
91903
91905
91907
91909
91911
91913
91915
91917
91919
91921
91923
91925
91927
91929
91931
91933
91935
91937
91939
91941
91943
91945
91947
91949
91951
91953
91955
91957
91959
91961
91963
91965
91967
91969
91971
91973
91975
91977
91979
91981
91983
91985
91987
91989
91991
91993
91995
91997
91999
92001
92003
92005
92007
92009
92011
92013
92015
92017
92019
92021
92023
92025
92027
92029
92031
92033
92035
92037
92039
92041
92043
92045
92047
92049
92051
92053
92055
92057
92059
92061
92063
92065
92067
92069
92071
92073
92075
92077
92079
92081
92083
92085
92087
92089
92091
92093
92095
92097
92099
92101
92103
92105
92107
92109
92111
92113
92115
92117
92119
92121
92123
92125
92127
92129
92131
92133
92135
92137
92139
92141
92143
92145
92147
92149
92151
92153
92155
92157
92159
92161
92163
92165
92167
92169
92171
92173
92175
92177
92179
92181
92183
92185
92187
92189
92191
92193
92195
92197
92199
92201
92203
92205
92207
92209
92211
92213
92215
92217
92219
92221
92223
92225
92227
92229
92231
92233
92235
92237
92239
92241
92243
92245
92247
92249
92251
92253
92255
92257
92259
92261
92263
92265
92267
92269
92271
92273
92275
92277
92279
92281
92283
92285
92287
92289
92291
92293
92295
92297
92299
92301
92303
92305
92307
92309
92311
92313
92315
92317
92319
92321
92323
92325
92327
92329
92331
92333
92335
92337
92339
92341
92343
92345
92347
92349
92351
92353
92355
92357
92359
92361
92363
92365
92367
92369
92371
92373
92375
92377
92379
92381
92383
92385
92387
92389
92391
92393
92395
92397
92399
92401
92403
92405
92407
92409
92411
92413
92415
92417
92419
92421
92423
92425
92427
92429
92431
92433
92435
92437
92439
92441
92443
92445
92447
92449
92451
92453
92455
92457
92459
92461
92463
92465
92467
92469
92471
92473
92475
92477
92479
92481
92483
92485
92487
92489
92491
92493
92495
92497
92499
92501
92503
92505
92507
92509
92511
92513
92515
92517
92519
92521
92523
92525
92527
92529
92531
92533
92535
92537
92539
92541
92543
92545
92547
92549
92551
92553
92555
92557
92559
92561
92563
92565
92567
92569
92571
92573
92575
92577
92579
92581
92583
92585
92587
92589
92591
92593
92595
92597
92599
92601
92603
92605
92607
92609
92611
92613
92615
92617
92619
92621
92623
92625
92627
92629
92631
92633
92635
92637
92639
92641
92643
92645
92647
92649
92651
92653
92655
92657
92659
92661
92663
92665
92667
92669
92671
92673
92675
92677
92679
92681
92683
92685
92687
92689
92691
92693
92695
92697
92699
92701
92703
92705
92707
92709
92711
92713
92715
92717
92719
92721
92723
92725
92727
92729
92731
92733
92735
92737
92739
92741
92743
92745
92747
92749
92751
92753
92755
92757
92759
92761
92763
92765
92767
92769
92771
92773
92775
92777
92779
92781
92783
92785
92787
92789
92791
92793
92795
92797
92799
92801
92803
92805
92807
92809
92811
92813
92815
92817
92819
92821
92823
92825
92827
92829
92831
92833
92835
92837
92839
92841
92843
92845
92847
92849
92851
92853
92855
92857
92859
92861
92863
92865
92867
92869
92871
92873
92875
92877
92879
92881
92883
92885
92887
92889
92891
92893
92895
92897
92899
92901
92903
92905
92907
92909
92911
92913
92915
92917
92919
92921
92923
92925
92927
92929
92931
92933
92935
92937
92939
92941
92943
92945
92947
92949
92951
92953
92955
92957
92959
92961
92963
92965
92967
92969
92971
92973
92975
92977
92979
92981
92983
92985
92987
92989
92991
92993
92995
92997
92999
93001
93003
93005
93007
93009
93011
93013
93015
93017
93019
93021
93023
93025
93027
93029
93031
93033
93035
93037
93039
93041
93043
93045
93047
93049
93051
93053
93055
93057
93059
93061
93063
93065
93067
93069
93071
93073
93075
93077
93079
93081
93083
93085
93087
93089
93091
93093
93095
93097
93099
93101
93103
93105
93107
93109
93111
93113
93115
93117
93119
93121
93123
93125
93127
93129
93131
93133
93135
93137
93139
93141
93143
93145
93147
93149
93151
93153
93155
93157
93159
93161
93163
93165
93167
93169
93171
93173
93175
93177
93179
93181
93183
93185
93187
93189
93191
93193
93195
93197
93199
93201
93203
93205
93207
93209
93211
93213
93215
93217
93219
93221
93223
93225
93227
93229
93231
93233
93235
93237
93239
93241
93243
93245
93247
93249
93251
93253
93255
93257
93259
93261
93263
93265
93267
93269
93271
93273
93275
93277
93279
93281
93283
93285
93287
93289
93291
93293
93295
93297
93299
93301
93303
93305
93307
93309
93311
93313
93315
93317
93319
93321
93323
93325
93327
93329
93331
93333
93335
93337
93339
93341
93343
93345
93347
93349
93351
93353
93355
93357
93359
93361
93363
93365
93367
93369
93371
93373
93375
93377
93379
93381
93383
93385
93387
93389
93391
93393
93395
93397
93399
93401
93403
93405
93407
93409
93411
93413
93415
93417
93419
93421
93423
93425
93427
93429
93431
93433
93435
93437
93439
93441
93443
93445
93447
93449
93451
93453
93455
93457
93459
93461
93463
93465
93467
93469
93471
93473
93475
93477
93479
93481
93483
93485
93487
93489
93491
93493
93495
93497
93499
93501
93503
93505
93507
93509
93511
93513
93515
93517
93519
93521
93523
93525
93527
93529
93531
93533
93535
93537
93539
93541
93543
93545
93547
93549
93551
93553
93555
93557
93559
93561
93563
93565
93567
93569
93571
93573
93575
93577
93579
93581
93583
93585
93587
93589
93591
93593
93595
93597
93599
93601
93603
93605
93607
93609
93611
93613
93615
93617
93619
93621
93623
93625
93627
93629
93631
93633
93635
93637
93639
93641
93643
93645
93647
93649
93651
93653
93655
93657
93659
93661
93663
93665
93667
93669
93671
93673
93675
93677
93679
93681
93683
93685
93687
93689
93691
93693
93695
93697
93699
93701
93703
93705
93707
93709
93711
93713
93715
93717
93719
93721
93723
93725
93727
93729
93731
93733
93735
93737
93739
93741
93743
93745
93747
93749
93751
93753
93755
93757
93759
93761
93763
93765
93767
93769
93771
93773
93775
93777
93779
93781
93783
93785
93787
93789
93791
93793
93795
93797
93799
93801
93803
93805
93807
93809
93811
93813
93815
93817
93819
93821
93823
93825
93827
93829
93831
93833
93835
93837
93839
93841
93843
93845
93847
93849
93851
93853
93855
93857
93859
93861
93863
93865
93867
93869
93871
93873
93875
93877
93879
93881
93883
93885
93887
93889
93891
93893
93895
93897
93899
93901
93903
93905
93907
93909
93911
93913
93915
93917
93919
93921
93923
93925
93927
93929
93931
93933
93935
93937
93939
93941
93943
93945
93947
93949
93951
93953
93955
93957
93959
93961
93963
93965
93967
93969
93971
93973
93975
93977
93979
93981
93983
93985
93987
93989
93991
93993
93995
93997
93999
94001
94003
94005
94007
94009
94011
94013
94015
94017
94019
94021
94023
94025
94027
94029
94031
94033
94035
94037
94039
94041
94043
94045
94047
94049
94051
94053
94055
94057
94059
94061
94063
94065
94067
94069
94071
94073
94075
94077
94079
94081
94083
94085
94087
94089
94091
94093
94095
94097
94099
94101
94103
94105
94107
94109
94111
94113
94115
94117
94119
94121
94123
94125
94127
94129
94131
94133
94135
94137
94139
94141
94143
94145
94147
94149
94151
94153
94155
94157
94159
94161
94163
94165
94167
94169
94171
94173
94175
94177
94179
94181
94183
94185
94187
94189
94191
94193
94195
94197
94199
94201
94203
94205
94207
94209
94211
94213
94215
94217
94219
94221
94223
94225
94227
94229
94231
94233
94235
94237
94239
94241
94243
94245
94247
94249
94251
94253
94255
94257
94259
94261
94263
94265
94267
94269
94271
94273
94275
94277
94279
94281
94283
94285
94287
94289
94291
94293
94295
94297
94299
94301
94303
94305
94307
94309
94311
94313
94315
94317
94319
94321
94323
94325
94327
94329
94331
94333
94335
94337
94339
94341
94343
94345
94347
94349
94351
94353
94355
94357
94359
94361
94363
94365
94367
94369
94371
94373
94375
94377
94379
94381
94383
94385
94387
94389
94391
94393
94395
94397
94399
94401
94403
94405
94407
94409
94411
94413
94415
94417
94419
94421
94423
94425
94427
94429
94431
94433
94435
94437
94439
94441
94443
94445
94447
94449
94451
94453
94455
94457
94459
94461
94463
94465
94467
94469
94471
94473
94475
94477
94479
94481
94483
94485
94487
94489
94491
94493
94495
94497
94499
94501
94503
94505
94507
94509
94511
94513
94515
94517
94519
94521
94523
94525
94527
94529
94531
94533
94535
94537
94539
94541
94543
94545
94547
94549
94551
94553
94555
94557
94559
94561
94563
94565
94567
94569
94571
94573
94575
94577
94579
94581
94583
94585
94587
94589
94591
94593
94595
94597
94599
94601
94603
94605
94607
94609
94611
94613
94615
94617
94619
94621
94623
94625
94627
94629
94631
94633
94635
94637
94639
94641
94643
94645
94647
94649
94651
94653
94655
94657
94659
94661
94663
94665
94667
94669
94671
94673
94675
94677
94679
94681
94683
94685
94687
94689
94691
94693
94695
94697
94699
94701
94703
94705
94707
94709
94711
94713
94715
94717
94719
94721
94723
94725
94727
94729
94731
94733
94735
94737
94739
94741
94743
94745
94747
94749
94751
94753
94755
94757
94759
94761
94763
94765
94767
94769
94771
94773
94775
94777
94779
94781
94783
94785
94787
94789
94791
94793
94795
94797
94799
94801
94803
94805
94807
94809
94811
94813
94815
94817
94819
94821
94823
94825
94827
94829
94831
94833
94835
94837
94839
94841
94843
94845
94847
94849
94851
94853
94855
94857
94859
94861
94863
94865
94867
94869
94871
94873
94875
94877
94879
94881
94883
94885
94887
94889
94891
94893
94895
94897
94899
94901
94903
94905
94907
94909
94911
94913
94915
94917
94919
94921
94923
94925
94927
94929
94931
94933
94935
94937
94939
94941
94943
94945
94947
94949
94951
94953
94955
94957
94959
94961
94963
94965
94967
94969
94971
94973
94975
94977
94979
94981
94983
94985
94987
94989
94991
94993
94995
94997
94999
95001
95003
95005
95007
95009
95011
95013
95015
95017
95019
95021
95023
95025
95027
95029
95031
95033
95035
95037
95039
95041
95043
95045
95047
95049
95051
95053
95055
95057
95059
95061
95063
95065
95067
95069
95071
95073
95075
95077
95079
95081
95083
95085
95087
95089
95091
95093
95095
95097
95099
95101
95103
95105
95107
95109
95111
95113
95115
95117
95119
95121
95123
95125
95127
95129
95131
95133
95135
95137
95139
95141
95143
95145
95147
95149
95151
95153
95155
95157
95159
95161
95163
95165
95167
95169
95171
95173
95175
95177
95179
95181
95183
95185
95187
95189
95191
95193
95195
95197
95199
95201
95203
95205
95207
95209
95211
95213
95215
95217
95219
95221
95223
95225
95227
95229
95231
95233
95235
95237
95239
95241
95243
95245
95247
95249
95251
95253
95255
95257
95259
95261
95263
95265
95267
95269
95271
95273
95275
95277
95279
95281
95283
95285
95287
95289
95291
95293
95295
95297
95299
95301
95303
95305
95307
95309
95311
95313
95315
95317
95319
95321
95323
95325
95327
95329
95331
95333
95335
95337
95339
95341
95343
95345
95347
95349
95351
95353
95355
95357
95359
95361
95363
95365
95367
95369
95371
95373
95375
95377
95379
95381
95383
95385
95387
95389
95391
95393
95395
95397
95399
95401
95403
95405
95407
95409
95411
95413
95415
95417
95419
95421
95423
95425
95427
95429
95431
95433
95435
95437
95439
95441
95443
95445
95447
95449
95451
95453
95455
95457
95459
95461
95463
95465
95467
95469
95471
95473
95475
95477
95479
95481
95483
95485
95487
95489
95491
95493
95495
95497
95499
95501
95503
95505
95507
95509
95511
95513
95515
95517
95519
95521
95523
95525
95527
95529
95531
95533
95535
95537
95539
95541
95543
95545
95547
95549
95551
95553
95555
95557
95559
95561
95563
95565
95567
95569
95571
95573
95575
95577
95579
95581
95583
95585
95587
95589
95591
95593
95595
95597
95599
95601
95603
95605
95607
95609
95611
95613
95615
95617
95619
95621
95623
95625
95627
95629
95631
95633
95635
95637
95639
95641
95643
95645
95647
95649
95651
95653
95655
95657
95659
95661
95663
95665
95667
95669
95671
95673
95675
95677
95679
95681
95683
95685
95687
95689
95691
95693
95695
95697
95699
95701
95703
95705
95707
95709
95711
95713
95715
95717
95719
95721
95723
95725
95727
95729
95731
95733
95735
95737
95739
95741
95743
95745
95747
95749
95751
95753
95755
95757
95759
95761
95763
95765
95767
95769
95771
95773
95775
95777
95779
95781
95783
95785
95787
95789
95791
95793
95795
95797
95799
95801
95803
95805
95807
95809
95811
95813
95815
95817
95819
95821
95823
95825
95827
95829
95831
95833
95835
95837
95839
95841
95843
95845
95847
95849
95851
95853
95855
95857
95859
95861
95863
95865
95867
95869
95871
95873
95875
95877
95879
95881
95883
95885
95887
95889
95891
95893
95895
95897
95899
95901
95903
95905
95907
95909
95911
95913
95915
95917
95919
95921
95923
95925
95927
95929
95931
95933
95935
95937
95939
95941
95943
95945
95947
95949
95951
95953
95955
95957
95959
95961
95963
95965
95967
95969
95971
95973
95975
95977
95979
95981
95983
95985
95987
95989
95991
95993
95995
95997
95999
96001
96003
96005
96007
96009
96011
96013
96015
96017
96019
96021
96023
96025
96027
96029
96031
96033
96035
96037
96039
96041
96043
96045
96047
96049
96051
96053
96055
96057
96059
96061
96063
96065
96067
96069
96071
96073
96075
96077
96079
96081
96083
96085
96087
96089
96091
96093
96095
96097
96099
96101
96103
96105
96107
96109
96111
96113
96115
96117
96119
96121
96123
96125
96127
96129
96131
96133
96135
96137
96139
96141
96143
96145
96147
96149
96151
96153
96155
96157
96159
96161
96163
96165
96167
96169
96171
96173
96175
96177
96179
96181
96183
96185
96187
96189
96191
96193
96195
96197
96199
96201
96203
96205
96207
96209
96211
96213
96215
96217
96219
96221
96223
96225
96227
96229
96231
96233
96235
96237
96239
96241
96243
96245
96247
96249
96251
96253
96255
96257
96259
96261
96263
96265
96267
96269
96271
96273
96275
96277
96279
96281
96283
96285
96287
96289
96291
96293
96295
96297
96299
96301
96303
96305
96307
96309
96311
96313
96315
96317
96319
96321
96323
96325
96327
96329
96331
96333
96335
96337
96339
96341
96343
96345
96347
96349
96351
96353
96355
96357
96359
96361
96363
96365
96367
96369
96371
96373
96375
96377
96379
96381
96383
96385
96387
96389
96391
96393
96395
96397
96399
96401
96403
96405
96407
96409
96411
96413
96415
96417
96419
96421
96423
96425
96427
96429
96431
96433
96435
96437
96439
96441
96443
96445
96447
96449
96451
96453
96455
96457
96459
96461
96463
96465
96467
96469
96471
96473
96475
96477
96479
96481
96483
96485
96487
96489
96491
96493
96495
96497
96499
96501
96503
96505
96507
96509
96511
96513
96515
96517
96519
96521
96523
96525
96527
96529
96531
96533
96535
96537
96539
96541
96543
96545
96547
96549
96551
96553
96555
96557
96559
96561
96563
96565
96567
96569
96571
96573
96575
96577
96579
96581
96583
96585
96587
96589
96591
96593
96595
96597
96599
96601
96603
96605
96607
96609
96611
96613
96615
96617
96619
96621
96623
96625
96627
96629
96631
96633
96635
96637
96639
96641
96643
96645
96647
96649
96651
96653
96655
96657
96659
96661
96663
96665
96667
96669
96671
96673
96675
96677
96679
96681
96683
96685
96687
96689
96691
96693
96695
96697
96699
96701
96703
96705
96707
96709
96711
96713
96715
96717
96719
96721
96723
96725
96727
96729
96731
96733
96735
96737
96739
96741
96743
96745
96747
96749
96751
96753
96755
96757
96759
96761
96763
96765
96767
96769
96771
96773
96775
96777
96779
96781
96783
96785
96787
96789
96791
96793
96795
96797
96799
96801
96803
96805
96807
96809
96811
96813
96815
96817
96819
96821
96823
96825
96827
96829
96831
96833
96835
96837
96839
96841
96843
96845
96847
96849
96851
96853
96855
96857
96859
96861
96863
96865
96867
96869
96871
96873
96875
96877
96879
96881
96883
96885
96887
96889
96891
96893
96895
96897
96899
96901
96903
96905
96907
96909
96911
96913
96915
96917
96919
96921
96923
96925
96927
96929
96931
96933
96935
96937
96939
96941
96943
96945
96947
96949
96951
96953
96955
96957
96959
96961
96963
96965
96967
96969
96971
96973
96975
96977
96979
96981
96983
96985
96987
96989
96991
96993
96995
96997
96999
97001
97003
97005
97007
97009
97011
97013
97015
97017
97019
97021
97023
97025
97027
97029
97031
97033
97035
97037
97039
97041
97043
97045
97047
97049
97051
97053
97055
97057
97059
97061
97063
97065
97067
97069
97071
97073
97075
97077
97079
97081
97083
97085
97087
97089
97091
97093
97095
97097
97099
97101
97103
97105
97107
97109
97111
97113
97115
97117
97119
97121
97123
97125
97127
97129
97131
97133
97135
97137
97139
97141
97143
97145
97147
97149
97151
97153
97155
97157
97159
97161
97163
97165
97167
97169
97171
97173
97175
97177
97179
97181
97183
97185
97187
97189
97191
97193
97195
97197
97199
97201
97203
97205
97207
97209
97211
97213
97215
97217
97219
97221
97223
97225
97227
97229
97231
97233
97235
97237
97239
97241
97243
97245
97247
97249
97251
97253
97255
97257
97259
97261
97263
97265
97267
97269
97271
97273
97275
97277
97279
97281
97283
97285
97287
97289
97291
97293
97295
97297
97299
97301
97303
97305
97307
97309
97311
97313
97315
97317
97319
97321
97323
97325
97327
97329
97331
97333
97335
97337
97339
97341
97343
97345
97347
97349
97351
97353
97355
97357
97359
97361
97363
97365
97367
97369
97371
97373
97375
97377
97379
97381
97383
97385
97387
97389
97391
97393
97395
97397
97399
97401
97403
97405
97407
97409
97411
97413
97415
97417
97419
97421
97423
97425
97427
97429
97431
97433
97435
97437
97439
97441
97443
97445
97447
97449
97451
97453
97455
97457
97459
97461
97463
97465
97467
97469
97471
97473
97475
97477
97479
97481
97483
97485
97487
97489
97491
97493
97495
97497
97499
97501
97503
97505
97507
97509
97511
97513
97515
97517
97519
97521
97523
97525
97527
97529
97531
97533
97535
97537
97539
97541
97543
97545
97547
97549
97551
97553
97555
97557
97559
97561
97563
97565
97567
97569
97571
97573
97575
97577
97579
97581
97583
97585
97587
97589
97591
97593
97595
97597
97599
97601
97603
97605
97607
97609
97611
97613
97615
97617
97619
97621
97623
97625
97627
97629
97631
97633
97635
97637
97639
97641
97643
97645
97647
97649
97651
97653
97655
97657
97659
97661
97663
97665
97667
97669
97671
97673
97675
97677
97679
97681
97683
97685
97687
97689
97691
97693
97695
97697
97699
97701
97703
97705
97707
97709
97711
97713
97715
97717
97719
97721
97723
97725
97727
97729
97731
97733
97735
97737
97739
97741
97743
97745
97747
97749
97751
97753
97755
97757
97759
97761
97763
97765
97767
97769
97771
97773
97775
97777
97779
97781
97783
97785
97787
97789
97791
97793
97795
97797
97799
97801
97803
97805
97807
97809
97811
97813
97815
97817
97819
97821
97823
97825
97827
97829
97831
97833
97835
97837
97839
97841
97843
97845
97847
97849
97851
97853
97855
97857
97859
97861
97863
97865
97867
97869
97871
97873
97875
97877
97879
97881
97883
97885
97887
97889
97891
97893
97895
97897
97899
97901
97903
97905
97907
97909
97911
97913
97915
97917
97919
97921
97923
97925
97927
97929
97931
97933
97935
97937
97939
97941
97943
97945
97947
97949
97951
97953
97955
97957
97959
97961
97963
97965
97967
97969
97971
97973
97975
97977
97979
97981
97983
97985
97987
97989
97991
97993
97995
97997
97999
98001
98003
98005
98007
98009
98011
98013
98015
98017
98019
98021
98023
98025
98027
98029
98031
98033
98035
98037
98039
98041
98043
98045
98047
98049
98051
98053
98055
98057
98059
98061
98063
98065
98067
98069
98071
98073
98075
98077
98079
98081
98083
98085
98087
98089
98091
98093
98095
98097
98099
98101
98103
98105
98107
98109
98111
98113
98115
98117
98119
98121
98123
98125
98127
98129
98131
98133
98135
98137
98139
98141
98143
98145
98147
98149
98151
98153
98155
98157
98159
98161
98163
98165
98167
98169
98171
98173
98175
98177
98179
98181
98183
98185
98187
98189
98191
98193
98195
98197
98199
98201
98203
98205
98207
98209
98211
98213
98215
98217
98219
98221
98223
98225
98227
98229
98231
98233
98235
98237
98239
98241
98243
98245
98247
98249
98251
98253
98255
98257
98259
98261
98263
98265
98267
98269
98271
98273
98275
98277
98279
98281
98283
98285
98287
98289
98291
98293
98295
98297
98299
98301
98303
98305
98307
98309
98311
98313
98315
98317
98319
98321
98323
98325
98327
98329
98331
98333
98335
98337
98339
98341
98343
98345
98347
98349
98351
98353
98355
98357
98359
98361
98363
98365
98367
98369
98371
98373
98375
98377
98379
98381
98383
98385
98387
98389
98391
98393
98395
98397
98399
98401
98403
98405
98407
98409
98411
98413
98415
98417
98419
98421
98423
98425
98427
98429
98431
98433
98435
98437
98439
98441
98443
98445
98447
98449
98451
98453
98455
98457
98459
98461
98463
98465
98467
98469
98471
98473
98475
98477
98479
98481
98483
98485
98487
98489
98491
98493
98495
98497
98499
98501
98503
98505
98507
98509
98511
98513
98515
98517
98519
98521
98523
98525
98527
98529
98531
98533
98535
98537
98539
98541
98543
98545
98547
98549
98551
98553
98555
98557
98559
98561
98563
98565
98567
98569
98571
98573
98575
98577
98579
98581
98583
98585
98587
98589
98591
98593
98595
98597
98599
98601
98603
98605
98607
98609
98611
98613
98615
98617
98619
98621
98623
98625
98627
98629
98631
98633
98635
98637
98639
98641
98643
98645
98647
98649
98651
98653
98655
98657
98659
98661
98663
98665
98667
98669
98671
98673
98675
98677
98679
98681
98683
98685
98687
98689
98691
98693
98695
98697
98699
98701
98703
98705
98707
98709
98711
98713
98715
98717
98719
98721
98723
98725
98727
98729
98731
98733
98735
98737
98739
98741
98743
98745
98747
98749
98751
98753
98755
98757
98759
98761
98763
98765
98767
98769
98771
98773
98775
98777
98779
98781
98783
98785
98787
98789
98791
98793
98795
98797
98799
98801
98803
98805
98807
98809
98811
98813
98815
98817
98819
98821
98823
98825
98827
98829
98831
98833
98835
98837
98839
98841
98843
98845
98847
98849
98851
98853
98855
98857
98859
98861
98863
98865
98867
98869
98871
98873
98875
98877
98879
98881
98883
98885
98887
98889
98891
98893
98895
98897
98899
98901
98903
98905
98907
98909
98911
98913
98915
98917
98919
98921
98923
98925
98927
98929
98931
98933
98935
98937
98939
98941
98943
98945
98947
98949
98951
98953
98955
98957
98959
98961
98963
98965
98967
98969
98971
98973
98975
98977
98979
98981
98983
98985
98987
98989
98991
98993
98995
98997
98999
99001
99003
99005
99007
99009
99011
99013
99015
99017
99019
99021
99023
99025
99027
99029
99031
99033
99035
99037
99039
99041
99043
99045
99047
99049
99051
99053
99055
99057
99059
99061
99063
99065
99067
99069
99071
99073
99075
99077
99079
99081
99083
99085
99087
99089
99091
99093
99095
99097
99099
99101
99103
99105
99107
99109
99111
99113
99115
99117
99119
99121
99123
99125
99127
99129
99131
99133
99135
99137
99139
99141
99143
99145
99147
99149
99151
99153
99155
99157
99159
99161
99163
99165
99167
99169
99171
99173
99175
99177
99179
99181
99183
99185
99187
99189
99191
99193
99195
99197
99199
99201
99203
99205
99207
99209
99211
99213
99215
99217
99219
99221
99223
99225
99227
99229
99231
99233
99235
99237
99239
99241
99243
99245
99247
99249
99251
99253
99255
99257
99259
99261
99263
99265
99267
99269
99271
99273
99275
99277
99279
99281
99283
99285
99287
99289
99291
99293
99295
99297
99299
99301
99303
99305
99307
99309
99311
99313
99315
99317
99319
99321
99323
99325
99327
99329
99331
99333
99335
99337
99339
99341
99343
99345
99347
99349
99351
99353
99355
99357
99359
99361
99363
99365
99367
99369
99371
99373
99375
99377
99379
99381
99383
99385
99387
99389
99391
99393
99395
99397
99399
99401
99403
99405
99407
99409
99411
99413
99415
99417
99419
99421
99423
99425
99427
99429
99431
99433
99435
99437
99439
99441
99443
99445
99447
99449
99451
99453
99455
99457
99459
99461
99463
99465
99467
99469
99471
99473
99475
99477
99479
99481
99483
99485
99487
99489
99491
99493
99495
99497
99499
99501
99503
99505
99507
99509
99511
99513
99515
99517
99519
99521
99523
99525
99527
99529
99531
99533
99535
99537
99539
99541
99543
99545
99547
99549
99551
99553
99555
99557
99559
99561
99563
99565
99567
99569
99571
99573
99575
99577
99579
99581
99583
99585
99587
99589
99591
99593
99595
99597
99599
99601
99603
99605
99607
99609
99611
99613
99615
99617
99619
99621
99623
99625
99627
99629
99631
99633
99635
99637
99639
99641
99643
99645
99647
99649
99651
99653
99655
99657
99659
99661
99663
99665
99667
99669
99671
99673
99675
99677
99679
99681
99683
99685
99687
99689
99691
99693
99695
99697
99699
99701
99703
99705
99707
99709
99711
99713
99715
99717
99719
99721
99723
99725
99727
99729
99731
99733
99735
99737
99739
99741
99743
99745
99747
99749
99751
99753
99755
99757
99759
99761
99763
99765
99767
99769
99771
99773
99775
99777
99779
99781
99783
99785
99787
99789
99791
99793
99795
99797
99799
99801
99803
99805
99807
99809
99811
99813
99815
99817
99819
99821
99823
99825
99827
99829
99831
99833
99835
99837
99839
99841
99843
99845
99847
99849
99851
99853
99855
99857
99859
99861
99863
99865
99867
99869
99871
99873
99875
99877
99879
99881
99883
99885
99887
99889
99891
99893
99895
99897
99899
99901
99903
99905
99907
99909
99911
99913
99915
99917
99919
99921
99923
99925
99927
99929
99931
99933
99935
99937
99939
99941
99943
99945
99947
99949
99951
99953
99955
99957
99959
99961
99963
99965
99967
99969
99971
99973
99975
99977
99979
99981
99983
99985
99987
99989
99991
99993
99995
99997
99999
